"original_text","perturbed_text","original_score","perturbed_score","original_output","perturbed_output","ground_truth_output","num_queries","result_type"
"北京市朝阳区人民检察院指控：被告人潘某伙同他人（另案处理）于2012年8月29日1时许，在本市朝阳区百子湾路如家快捷酒店221号房间内，对被害人彭×（男，37岁，江西省人）进行殴打并抢走其现金人民币300元及苹果牌4S型移动电话机一部（经鉴定价值人民币3400元）。被告人潘某后于2014年8月22日被抓获归案。<SPLIT>针对指控的上述事实，公诉机关当庭出示了被害人陈述，鉴定意见，勘验、检查笔录，书证，视听资料及被告人供述等证据予以证实，公诉机关认为被告人潘某的行为已经构成了××，应依照《中华人民共和国刑法》××之","北京市朝阳区人民检察院指控：被告人潘某伙同他人（另案处理）于2012年8月29日1时许，在本市朝阳区百子湾路如家快捷酒店221号房间内，对被害人彭×（男，37岁，江西省人）进行发生争执并抢走其现金人民币300元及苹果牌4S型移动电话机一部（经鉴定价值人民币3400元）。被告人潘某后于2014年8月22日被抓获归案。<SPLIT>针对指控的上述事实，公诉机关当庭出示了被害人陈述，鉴定意见，勘验、检查笔录，书证，视听资料及被告人供述等证据予以证实，公诉机关认为被告人潘某的行为已经构成了××，应依照《中华人民共和国刑法》××之",0.0005913972854614258,0.9990888833999634,5,8,5,158,"Successful"
"北京市通州区人民检察院指控：2017年8月13日14时许，被告人李2某在本市通州区梨园镇某小区其住所地接收快递包裹后，被民警从包裹内起获毒品可疑物1包，随后民警又在被告人李2某卧室内起获毒品可疑物2包，经称重，以上毒品可疑物共净重13.85克；经鉴定，以上毒品可疑物中均检出甲基苯丙胺成分；被告人李2某被当场抓获。同时认为被告人李2某具有坦白情节，建议判处被告人李2某××至一年，并处罚金。<SPLIT>","北京市通州区人民检察院指控：2017年8月13日14时许，被告人李2某在本市通州区梨园镇某小区其住所地接收快递包裹后，被民警从包裹内起获毒品可疑物1包，随后民警又在被告人李2某卧室内起获毒品可疑物2包，经称重，以上贩卖毒品可疑物共净重13.85维；经鉴定，以上毒品可疑物中均染毒甲基苯丙胺成分；被告人李2某被当场抓获。同时认为被告人李2某具有坦白情节，建议判处被告人李2另外××至一年，并处罚金。<SPLIT>",0.0006495118141174316,0.6619799137115479,7,4,7,281,"Successful"
"公诉机关指控，2011年12月4日10时40分许，被告人冯某驾驶延安市汽车运输集团有限责任公司客运第一分公司的陕J34819号金旅牌客车（事实车主为谢某）从延安市返回洛川县，该车行驶至210国道635KM＋597M处时，将路西行人姚4某、姚1某道撞倒，造成姚4某受伤、姚1某道经抢救无效死亡的重大交通事故。经甘泉县公安局交警大队认定，冯某负事故的全部责任，姚1某道、姚4某无责任。<SPLIT>2011年12月24日，肇事客车车主谢某与死者姚1某道的家属达成协议，由谢某赔偿姚1某道家属各项损失共计373000元，已付清。","公诉机关犯有，2011半年12疗程4日10前一晚40分许，行贿人冯某搭乘延安市车空运集团有限责任公司客运第一分公司加拿大航空中心球场陕J34819号金旅签都客车（事实车主为谢某）从延安市返回洛川县，该车穿行飞至210客运站635KM＋597M处时，迅将路西行人姚4这剑弩拔、姚1某道枪杀，造成姚4某受伤、姚1某道经抢救无效死亡加拿大航空中心球场重大交通事故。经甘泉县公安局交警大队认定，冯某负事故的全部罪责，姚1某道、姚4某无责任。<SPLIT>2011年12月24日，肇事客车车主谢某与死者姚1某道的家属达成协议，由谢某赔偿费姚1关剑家属进一步提高损失共计373000元，已付清。",0.0006952285766601562,0.027360975742340088,0,0,0,964,"Failed"
"经审理查明：2014年1月19日20时许，被告人马某某酒后驾驶甘NAxxxx号“启辰”牌小型轿车行驶至G75兰临高速临洮至兰州段73公里处时，与站在苳某甲驾驶的停放在紧急停车道的甘Jxxxxx号“东风牌”中型普通货车左前轮胎旁的乘车人苳某乙相撞，致苳某乙当场死亡，马某某驾车逃逸，后在三甲集收费站被工作人员查获。经鉴定，被告人马某某肇事时血液中酒精含量为204.8mg／100ml，且负事故的主要责任，苳某甲负事故的次要责任。事故发生后，被告人家属在村民的集资帮助下，筹措资金29.5万元，与被害人家属达成民事赔","经审理查明：2014年1月19日20时许，被告人马某某酒后驾驶甘NAxxxx号“启辰”牌小型轿车行驶至G75兰临高速临洮至兰州段73公里处时，与站在苳某甲驾驶的停放在紧急停车道的甘Jxxxxx号“东风牌”中型普通货车左前轮胎旁的乘车人苳某乙相撞，致苳某乙当场堕落，马某某驾车逃逸，后在三甲集收费站被工作人员查获。经鉴定，被告人马某某肇事时血液中酒精含量为204.8mg／100ml，且负事故的主要责任，苳某甲负事故的次要责任。事故发生后，被告人家属在村民的集资帮助下，筹措资金29.5万元，与被害人家属达成民事赔",0.000804603099822998,0.9999006986618042,0,1,0,180,"Successful"
"经审理查明，2013年1月21日16时20分许，被告人吴某与王1某、张某、蒋某、“疯子”（均另案处理）乘坐张某驾驶的汽车行至武义县白洋街道百花山红绿灯地段时，王1某看见邓某驾驶的赣A×××××轿车经过此地，王1某授意张某驾车拦住邓某的汽车。王1某下车用刀砸破邓某汽车驾驶室的窗玻璃，强行将邓某拖上张某驾驶的汽车上，带到武义县明招寺附近的山上。期间，王1某、蒋某殴打邓某，并以烧毁邓某的汽车恐吓其，要其拿出8000元，邓某不同意，王1某又要殴打邓某，被告人吴某以认识邓某，可以商量为由，劝阻王1某、蒋某继续殴打邓某","经审理查明，2013年1月21日16时20分许，被告人吴某与王1某、张某、蒋某、“疯子”（均另案处理）乘坐张某驾驶的汽车行至武义县白洋街道百花山红绿灯地段时，王1某看见邓某驾驶的赣A×××××轿车经过此地，王1某授意张某驾车拦住邓某的汽车。王1某下车用刀砸破邓某汽车驾驶室的窗玻璃，强行将邓某拖上张某驾驶的汽车上，带到武义县明招寺附近的山上。期间，王1某、蒋某殴打邓某，并以烧毁邓某的汽车激将其，要其拿出8000磁剑，邓某不同意，王1某又要殴打邓某，被告人吴某以认识邓某，可以商量为由，劝阻王1某、蒋某继续殴打邓某",0.0007391571998596191,0.6931217908859253,5,2,5,233,"Successful"
"经审理查明：<SPLIT>1、2013年12月4日凌晨，被告人邢某尾随被害人张某至毓秀小区门前时，拽停被害人张某驾驶的电动三轮车，采取言语威胁的方式将被害人张某包里的一笔记本抢走，笔记本内夹有现金人民币443.50元。<SPLIT>2、2013年12月10日23时许，被告人邢某尾随韩某、梁某二人至凤城镇刘庄村一巷内时，采取言语威胁的方式抢得被害人韩某现金人民币180元。<SPLIT>另查明，案发后被告人邢某的家人已将赃款全部退回被害人，得到了被害人的谅解。<SPLIT>上述事实，被告人邢某在开庭审理过程中亦无异议，且有书证收条、谅解书，证人梁某、","经审理探明：<SPLIT>1、2013天来12元会4日午夜，被告人邢某堵截被害人金某至猗兰县城门前时，拽挡被害人张某驾驶这电动三轮车，发布言语恐吓乌吕卢方式以使被害人张某包中的一笔记本抢去，笔记本堆塑有现钞人民币443.50元。<SPLIT>2、2013年12月10日23时许，被告人邢某围堵韩某、廖某三入至凤城镇刘庄村横街内时，采取之言威胁的方式抢得死者家属韩某现金人民币180元之气。<SPLIT>另查明，投案自首被告人邢某的家下人已将赃款全部退回被害人，得到了死者家属的救命之恩。<SPLIT>上述事实，被告人邢某在开庭审理过程中亦并无不可，且产生电子文本收条、相救书，证人梁某、",0.0005300641059875488,0.0007172226905822754,5,5,5,1717,"Failed"
"深圳市罗湖区人民检察院指控：2011年11月9日20时许，被告人伍某至深圳市罗湖区爱国路水库新村277栋附近，当见被害人李某途经此地，遂尾随其后，然后趁被害人李某打电话不备之机，从后抢走李某戴在脖子上的黄金项链一条（含吊坠，经鉴定，共价值人民币5430元），然后携赃逃跑。被告人伍某逃到竹园宾馆附近时被保安员人赃并获。<SPLIT>为证明上述事实，公诉机关提交下列证据：1、书证、物证：扣押物品文件清单、发还物品文件清单、赃物照片、发票、抓获经过、身份材料；2、证人证言：证人张某、何某的证言；3、被害人陈述：被害人李某的","深圳市罗湖区人民检察院指控：2011年11月9日20时许，被告人伍某至深圳市罗湖区爱国路水库新村277栋附近，当见被害人李某途经此地，遂尾随其后，然后趁被害人李某打电话不备之机，从后盗走李某戴在脖子上的黄金项链一条（含吊坠，经鉴定，共价值人民币5430元），然后携赃逃跑。被告人伍某逃到竹园宾馆附近时被保安员人赃并获。<SPLIT>为证明上述事实，公诉机关提交下列证据：1、书证、物证：扣押物品文件清单、发还物品文件清单、赃物照片、发票、抓获经过、身份材料；2、证人证言：证人张某、何某的证言；3、被害人陈述：被害人李某的",0.0006223320960998535,0.9999698996543884,8,3,8,160,"Successful"
"利辛县人民检察院指控：2014年2月18日20时许，被告人李某甲、范某和被害人李某戊等人在吃饭过程中，范某与李某戊因敬酒引发纠纷，后二人用酒瓶、茶壶等物品互掷对方。被告人李某甲用拳头击打李某戊的面部，致被害人李某戊的双侧鼻骨骨折及右侧上颌骨额突骨折，经鉴定，李某戊的伤情为轻伤二级。<SPLIT>案发后，被告人李某甲已与被害人李某戊达成和解协某赔偿被害人各项经济损失6万元，被害人表示谅解。<SPLIT>","利辛县人民检察院指控：2014月2年18日20时许，被告人李某甲、范某和被害人李某戊等人在吃饭过程中，范某与李某戊因敬酒遭致命案，后二人用酒瓶、茶壶等物品互掷对方。被告人李某甲用拳头击打李某相刑梵勒希面部，致被害人李某戊的双侧鼻骨骨折及右侧上颌骨额突骨折，经鉴定，李某戊的伤情为轻伤二级。<SPLIT>案发后，被告人李某甲已与被害人李某戊达成和解协某赔偿被害人各项经济损失6万元，被害人表示谅解。<SPLIT>",0.0010219812393188477,0.8056040406227112,2,9,2,363,"Successful"
"桐乡市人民检察院指控：<SPLIT>2016年5月16日晚上，被告人庄某饮酒后持逾期未换证的驾驶证驾驶浙Ｆ×××××号小型轿车，行驶至桐乡市梧桐街道金波路与迎凤路路口北侧处时，被执勤民警查获。民警发现被告人庄某身上有酒气，经现场呼气式酒精检测，结果为129毫克/100毫升，遂依法将其带至桐乡市第一人民医院抽取血液样本封存。经嘉兴志源司法鉴定所检验，被告人庄某血样中乙醇含量为148毫克/100毫升（醉酒标准为大于或者等于80毫克/100毫升）。<SPLIT>公诉机关认为，被告人庄某的行为已触犯《中华人民共和国刑法》××××，应当","桐乡市人民检察院指控：<SPLIT>2016年5月16日晚上，被告人庄某痛饮后持逾期未换证的驾驶执照高空作业浙Ｆ×××××号小型轿车，降落至桐乡市梧桐街道金波路与迎凤路路口北侧处时，被执勤民警查获。民警发现被告人庄某身上有酒气，经现场呼气式酒精检测，结果为129毫克/100毫升，遂依法将其带至桐乡市第一人民医院抽取血液样本封存。经嘉兴志源司法鉴定所检验，被告人庄某血样中乙醇含量为148毫克/100毫升（猝死标准为大于或者等于80毫克/100毫升）。<SPLIT>公诉机关认为，被告人庄某的行为已触犯《中华人民共和国刑法》××××，应当",0.0005984306335449219,0.6475695967674255,1,10,1,319,"Successful"
"金某人民检察院指控，2016年1月22日早上，被告人兰某某驾驶川Axxx71号五菱牌轻型普通货车由中江县兴隆镇方向沿中金快速通道向金某赵家镇方向行驶。7时30分许，被告人兰某某驾车行至金某中金快速通道31KM+200M路口处，车前部与从左至右在人行横道处通行的行人暨被害人冉某香发生碰撞，造成被害人冉某香当场死亡、车辆损坏的交通事故。经金某公安局交通警察大队现场勘验认定，被告人兰某某负事故的全部责任。经四川旭日司法鉴定所法医病理学鉴定，被害人冉某香符合交通事故致颅脑损伤而死亡。事故发生后，办案民警在事故现场将","金某人民检察院指控，2016年1年22日早上，被告人兰某某驾驶川Axxx71号五菱牌轻型普通货车由中江县兴隆镇方向沿中金快速通道向金某赵家镇方向停放。7前一晚30分许，被告人兰某某驾车行至金某中金快速通道31KM+200M路口处，车前部与从左至右在人行横道处通行的行人暨被害人冉某香发生拍击，杀伤被害人冉某香当场死亡、车辆已损坏的交通事故。经金某公安局交通警察大队现场勘验认定，被告人兰登用这责杀人案件的全部法律责任。经四川旭日湖北省人民医院所法医病理学鉴定，被害人冉某香符合交通事故致颅脑损伤而杀戮。事故发生后，办案民警在事故现场将",0.0006872415542602539,0.9449636340141296,0,9,0,638,"Successful"
"晋江市人民检察院指控。<SPLIT>1.2015年9月12日12时许，被告人王1某窜至晋江市菜市场，以人民币350元的价格贩卖1小包毒品海洛因给孙某。<SPLIT>2.2015年9月13日14时许，被告人王1某窜至晋江市内坑镇东宅村加油站对面，以人民币350元的价格贩卖1小包毒品海洛因给孙某。后在晋江市工业区金源超市门口被公安机关抓获，公安机关当场从被告人王1某处扣押到其用于联系毒品交易事宜的手机1部，并从孙某处调取到上述两次交易的海洛因2小包共计0.5克。案发后，上述毒品均已被上缴至晋江市禁毒委员会办公室。<SPLIT>","晋江市人民检察院指控。<SPLIT>1.2015年9月12日12时许，被告人王1某窜至晋江市菜市场，以人民币350元的价格贩卖1小包毒品海洛因给孙某。<SPLIT>2.2015年9月13日14时许，被告人王1某窜至晋江市内坑镇东宅村加油站对面，以人民币350元的价格劫掠1小包毒品海洛因给孙某。后在晋江市工业区金源超市门口被公安机关抓获，公安机关当场从被告人王1某处扣押到其用于联系毒品交易事宜的手机1部，并从孙某处调取到上述两次交易的海洛因2小包共计0.5克。案发后，上述毒品均已被上缴至晋江市禁毒委员会办公室。<SPLIT>",0.0005842447280883789,0.9926478862762451,4,5,4,168,"Successful"
"北京市丰台区人民检察院起诉书指控：2016年4月2日16时许，被告人李×在北京市丰台区西国贸汽配城A1－1028号，因经济纠纷与被害人高×1发生争执，后被告人李×持壁纸刀将被害人高×1、彭×二人面部划伤。经法医鉴定，被害人彭×、高×1二人伤情均为轻伤一级。<SPLIT>被告人李×于案发当日被北京市公安局丰台分局丰益派出所查获。<SPLIT>针对起诉的事实，北京市丰台区人民检察院向本院提供了：1.物证：壁纸刀一把；2.书证：110接处警记录、常住人口基本信息表；3.证人证言：证人滑×、于×、冯×1、高×2、王×的证言；4.被害人","北京市丰台区人民检察院起诉书指控：2016年4月2三十一日16时许，被告人李×在北京市丰台区西国贸汽配城A1－1028号，因经济纠纷与被害人高×1感情破裂，后被告人李×持壁纸重剑将被害人高×1、彭×二人面部划伤。经法医鉴定，被害人彭×、高×1二人伤情均为轻伤阶。<SPLIT>被告人李×于案发当日被北京市公安局丰台分局丰益派出所查获。<SPLIT>针对起诉的事实，北京市丰台区人民检察院向本院提供了：1.物证：壁纸刀一把；2.书证：110接处警记录、常住人口基本信息表；3.证人证言：证人就划×、于×、冯×1、高×2、王×而其证言；4.被害人",0.000742495059967041,0.8295891284942627,2,9,2,404,"Successful"
"南京市建邺区人民检察院指控，2013年3月20日凌晨，被告人朱某某在本市建邺区福园18幢西侧楼下被公安人员抓获，民警当场在其上衣外侧左边的口袋内查获其持有的毒品甲基苯丙胺2小袋共11.927克。<SPLIT>","南京市建邺区人民检察院指控，2013年3月20日凌晨，被告人朱某某在本市建邺区福园18幢西侧楼下被公安人员抓获，民警当场在其上衣外侧左边的口袋内查获其持有的贩卖毒品盐酸2小袋共11.927索。<SPLIT>",0.0006213188171386719,0.6173787713050842,7,4,7,128,"Successful"
"宁化县人民检察院指控,2017年5月22日14时46分许，被告人黄某驾驶闽Ｇ×××××号公交车，由宁化县城天鹅大酒店往高堑村方向行驶，途经宁化县城区东大路城东变电站路口路段左转弯时，未注意观察道路其他车辆行驶的动态情况，未做到按照操作规范让所借车道内行驶的车辆先行，导致从高速出口红绿灯往天鹅大酒店方向行驶的由被害人陈某1灼驾驶的闽Ｇ×××××号普通两轮摩托车发生碰撞，造成被害人陈某1灼受伤后送医院经抢救无效死亡及车辆受损的道路交通事故。2017年6月12日经宁化县公安局交警大队道路交通事故认定：被告人黄某承","宁化县人民代表大会常务委员会指控,2017年5月22日14时46分许，被告人黄某驾驶闽Ｇ×××××号公交车，由宁化县城天鹅大酒店往高堑村方向行驶，途经宁化县城区东大路城东变电站路口路段左转弯时，未注意观察道路其他车辆行驶的动态情况，未做到按照操作规范让所借车道内行驶的车辆先行，导致从高速出口红绿灯往天鹅大酒店方向行驶的由被害人陈某1灼高空作业的闽Ｇ×××××号普通两轮摩托车发生碰撞，造成被害人陈某1灼受伤后送医院经抢救无效死亡及车辆受损的道路杀人案。2017年6月12日经宁化县公安局交警大队道路交通事故认定：被告人黄某承",0.0007979273796081543,0.8844067454338074,0,9,0,255,"Successful"
"公诉机关指控,2016年7月期间，被告人秦1某驾驶车牌为湘H-9U388小型普通客车，在其车里，先后3次容留吸毒人员童某黔、童某等吸食毒品海洛因，共计1.2克。具体犯罪事实如下：<SPLIT>1、2016年7月15日左右的一天9时许，被告人秦1某驾驶车牌为湘H-9U388小型普通客车，搭乘吸毒人员童某黔、童某一起到湖南省益阳市购买400元的海洛因0.5克。被告人秦1某将车开至沅益一级公路沅江与益阳交界地段的小树林中，在其车上容留吸毒人员童某黔、童某将海洛因用“追龙”的方式一起吸食。<SPLIT>2、2016年7月20日9时许，","公诉机关指控,2016年7月期间，被告人秦1某驾驶车牌为湘H-9U388小型普通客车，在其车里，先后3次容留吸毒人员童某黔、童某等自杀未遂海洛因，共计1.2克。具体犯罪事实如下：<SPLIT>1、2016年7月15日左右的一天9时许，被告人秦1某驾驶车牌为湘H-9U388小型普通客车，搭乘吸毒人员童某黔、童某一起到湖南省益阳市购买400元的海洛因0.5克。被告人秦1某将车开至沅益一级公路沅江与益阳交界地段的小树林中，在其车上殴打吸毒人员童某黔、童某将海洛因用“追龙”的方式一起咬噬。<SPLIT>2、2016年7月20日9时许，",0.0004063248634338379,0.6950212717056274,6,9,6,272,"Successful"
"经审理查明，被告人宋某于2017年8月21日10时许，在重庆市渝中区菜园坝某号糖果仓库外间，趁被害人周某不备之机，将其放置于纸箱上价值930元的华为荣耀8手机一部盗走，从楼梯间逃离下楼。被害人周某经他人提醒发现手机被盗，立即乘坐电梯下楼追赶，在一楼大厅将被告人宋某拦住。被告人宋某推开被害人周某向外逃跑，至金利缘停车场附近被群众张某某推到紧靠围墙的啤酒箱上，被告人宋某使用空啤酒瓶向抓捕的群众挥舞，并将啤酒瓶敲碎，致协助抓捕的被害人肖某大拇指划伤、手腕红肿。被告人宋某被群众制服扭送至公安机关，到案后如实供述了上","经审理查明，被告人宋某于2017年8月21日10时许，在重庆市渝中区菜园坝某号糖果仓库外间，趁少嵩被害人周某不备之机，将其嵌于纸箱上价值930验数的惠普荣耀8手机一部盗走，从楼梯间逃离下楼。被害人周某经他人提醒发现手机被盗，立即乘坐洗手间下楼追来，在食堂大厅将被告人宋某推走。被告人许某推开被害人周某向外躲起来，至金利缘停车场附近被球迷张某某挪到紧靠围墙的啤酒箱上，被告人顾某破解空啤酒瓶向鲁修斯抓捕的群众倒提，虽说将锅铲敲碎，致协助抓拿的检方肖某手腕子划伤、手腕红肿。被告人宋某被联盟玩家制服扭送至公安机关，到案后如实供述了上",0.000558316707611084,0.511368989944458,5,3,5,1182,"Successful"
"经审理查明，被告人符某吉自2014年3月24日至2014年3月25日期间，以其手机作为联系工具，先后贩卖毒品冰毒4次，具体犯罪事实是：<SPLIT>1、2014年3月24日中午，在琼海市嘉积镇爱华路光速网吧后面处，被告人符某吉将一包用透明塑料薄膜包装的冰毒以50元的价钱贩卖给杨某。<SPLIT>2、2014年3月24日晚上，在琼海市嘉积镇爱华路快捷宾馆附近处，被告人符某吉将一包用透明塑料薄膜包装的冰毒以100元的价钱贩卖给杨某。<SPLIT>3、2014年3月25日下午，在琼海市嘉积镇元亨二街一杂粮店处，被告人符某吉将一包用透明塑料薄膜","经飞远审理查明，被告人符某吉自2014年3月24部的禺2014年来3月25日期间，以其手机作为联系工具，先后运毒止咳水4次，具体犯罪事实是：<SPLIT>1、2014二十五年3月征24二十四日中午，去琼海市嘉积城杀爱华路除光速网吧后面外，被告人符某狄只是把一瓶试图用透明塑料薄膜包装的止咳水以50元的价钱贩卖给裴某。<SPLIT>2、2014月3元会24日通宵，躲藏在琼海市嘉积坞爱华路往实用宾馆附近处，被告人符某夫将两瓶用透明塑料薄膜包装的止咳水以100元让价钱贩卖给丁某。<SPLIT>3、2014月3月行25日下午，着琼海市嘉积镇元亨二街一芸豆店处，被告人符某吉将几扎用透明塑料薄膜",0.0005611777305603027,0.5345449447631836,4,5,4,1588,"Successful"
"浙江省宁波市海曙区人民检察院指控，2013年3月31日1时20分许，被告人唐x在本市江北区庆丰桥附近，以人民币600元的价格，将2小包毒品（净重1.9029克，含甲基苯丙胺成份）贩卖给吴xx后，被民警当场抓获，并缴获作案工具移动电话机一部。<SPLIT>根据以上事实、情节，公诉机关建议以贩卖毒品罪判处被告人唐x××，并处罚金。<SPLIT>","浙江省宁波市海曙区人民检察院指控，2013年3月31日1时20分许，被告人唐x在本市江北区庆丰桥附近，以人民币600元的价格，将2小包毒品（净重1.9029克，含甲基苯丙胺成份）盗卖给吴xx后，被民警当场抓获，并缴获作案工具移动电话机一部。<SPLIT>根据以上事实、情节，公诉机关建议以贩卖毒品罪判处被告人唐x××，并处罚金。<SPLIT>",0.0005875825881958008,0.9983476400375366,4,3,4,122,"Successful"
"经审理查明：<SPLIT>一、2014年12月10日17时许，被告人杨某驾驶一辆电动车去到玉州区东龙路第二机关幼儿园附近，趁梁某不注意，将其一个黑色长方形手拿钱包抢走，包内有现金人民币80元许、身份证、银行卡等物品。案发后，公安机关已将缴获的身份证、银行卡返还被害人梁某。<SPLIT>二、2014年12月17日15时许，被告人杨某驾驶一辆电动车去到玉州区东井巷菜市市场卖家禽的铺面门口，趁李某不注意，将其一个黑色亮皮长方形手拿钱包抢走，包内现金有770元，身份证、中国农业银行卡及钥匙等。案发后，公安机关已将缴获的现金611元、身","经审理查明：<SPLIT>一、2014年12月10日17时许，被告人杨某驾驶一辆电动车去到玉州区东龙路第二机关幼儿园附近，趁梁某不注意，将其一个黑色长方形手拿钱包抢走，包内有现金人民币80元许、身份证、银行卡等物品。案发后，公安机关已将缴获的身份证、银行卡返还被害人梁某。<SPLIT>二、2014年12月17日15时许，被告人杨某驾驶一辆电动车去到玉州区东井巷菜市市场卖家禽的铺面门口，时杀梁某不注意，将其一个黑色亮皮长方形手拿钱包抢走，包内现金有770元，身份证、中国农业银行卡及钥匙等。案发后，公安机关已将缴获的现金611元、身",0.0005416274070739746,0.7031409740447998,8,5,8,184,"Successful"
"内蒙古自治区扎兰屯市人民检察院指控，2015年11月或12月的一天，被告人魏某在扎兰屯市××区自己住宅内，与曾某一起吸食甲基苯丙胺（冰毒）。<SPLIT>2016年8月的一天，被告人魏某在扎兰屯市××区自己住宅内，与王某1、曾某、王某2一起吸食甲基苯丙胺。<SPLIT>2016年10月10日15时许，被告人魏某在扎兰屯市××区自己住宅内，与王某1、曾某一起吸食甲基苯丙胺。<SPLIT>2016年10月10日23时许，被告人魏某在扎兰屯市××区自己住宅内，与曾某、""长锁""（未到案）一起吸食甲基苯丙胺。<SPLIT>","内蒙古自治区密山市朝阳区检察院指控，2015年来11月或12月的一天，故意杀人魏某在乌苏市××区自己住宅内，与曾某一起吸食甲基苯丙胺（冰毒）。<SPLIT>2016年8月如够一天，被告人魏某在扎兰屯市××区来自己住宅内，与王某1、曾某、王某2一起吸食甲基苯丙胺。<SPLIT>2016年10衍纪10日15时许，故意杀人魏某在扎兰屯市××区潋家住宅内，与王某1、曾某一起吸食甲基苯丙胺。<SPLIT>2016年10月10日23时许，被告人魏某在扎兰屯市××区自己住宅内，与曾某、""传宜""（未到案）一起吸食甲基苯丙胺。<SPLIT>",0.0005303025245666504,0.9896607995033264,6,9,6,451,"Successful"
"江苏省江阴市人民检察院指控：<SPLIT>被告人黄某某于2016年3月8日、9日、10日，在江阴市华士镇新华苑某号某室，先后三次容留周某吸食毒品甲基苯丙胺（冰毒）。<SPLIT>被告人黄某某因吸毒被查获后，如实供述了公安机关尚未掌握的上述容留他人吸毒的犯罪事实。<SPLIT>","江苏省江阴市人民检察院指控：<SPLIT>被告人黄某某于2016年3月8日、9日、10日，在江阴市华士镇新华苑某号某室，先后三次吸食毒品周某自杀未遂安非他明（冰毒）。<SPLIT>被告人黄某某因吸毒被查获后，如实供述了公安机关尚未掌握的上述容留他人吸毒的犯罪事实。<SPLIT>",0.00041419267654418945,0.5795549154281616,6,9,6,169,"Successful"
"新沂市人民检察院指控：2015年5月12日18时许，被告人陈某某在新沂市港头镇付庄村付四组金凤家门前徐某某车内，因徐某某向其索要债务与徐某某发生争执，被告人陈某某持刀将徐某某脖子及胳膊等处划伤。经新沂市公安局法医学人体损伤鉴定，被害人徐某某的主要损伤为颈前部11.5cm缝合创口，构成轻伤一级；左肘关节上方4.0cm缝合创口，右手中、环、小指末节指分别1.5cm、1.5cm1.5cm、缝合创口，构成轻微伤。<SPLIT>被告人陈某某于2015年6月4日被新沂市公安局港头派出所民警抓获归案，其如实供述了上述犯罪事实。<SPLIT>","新沂市人民检察院指控：2015年5月12日18时许，被告人陈某某在新沂市港头镇付庄村付四组金凤家门前徐某某车内，因徐某某向其索要债务与徐某某施暴，被告人陈某某持刀将徐某某脖子及胳膊等处划伤。经新沂市公安局法医学人体损伤鉴定，被害人徐某某的主要损伤为颈前部11.5cm缝合创口，构成轻伤一级；左肘关节上方4.0cm缝合创口，右手中、环、小指末节指分别1.5cm、1.5cm1.5cm、缝合创口，构成轻微伤。<SPLIT>被告人陈某某于2015年6月4日被新沂市公安局港头派出所民警抓获归案，其如实供述了上述犯罪事实。<SPLIT>",0.0010609030723571777,0.9326534271240234,2,5,2,169,"Successful"
"经审理查明：<SPLIT>2010年8月7日6时45分许，被告人杨某驾驶车牌号为豫P×××××／豫P×××××挂重型半挂车，沿杭州市萧山区钱江农场73021部队农场利群路西延伸路段由东往西行驶，在与相对方向行驶的车辆交会过程中，未确保安全，车辆右侧车轮碾压致被害人聂某死亡。事故发生后，被告人杨某弃车逃逸。经认定，被告人杨某负事故全部过错责任。<SPLIT>2011年10月27日，被告人杨某到公安机关投案，并如实供述了过失致人死亡的事实。<SPLIT>在本案审理过程中，被告人杨某与被害人家属达成补偿协议，被害人家属对被告人杨某表示谅解。","经审理查明：<SPLIT>2010年8月7日6时45分许，被告人杨某驾驶车牌号为豫P×××××／豫P×××××挂重型半挂车，沿杭州市萧山区钱江农场73021部队农场利群路西延伸路段由东往西行驶，在与相对方向行驶的车辆交会过程中，未确保安全，车辆右侧车轮碾压致被害人聂某死亡。事故发生后，被告人杨某弃车逃逸。经认定，被告人杨某负事故全部过错责任。<SPLIT>2011年10月27日，被告人杨某到公安机关投案，并如实供述了过失致人死亡的事实。<SPLIT>在本案审理过程中，被告人杨某与被害人家属达成补偿协议，被害人家属对被告人杨某表示谅解。",0.9998380541801453,0.9998380541801453,0,0,10,1,"Skipped"
"公诉机关指控，被告人汪×于2015年12月23日1时许，在本市西城区牛街西里二区，趁他人不备，盗窃被害人杨x人民币现金6295元，盗窃被害人牛x4160元，后被抓获。公诉机关认为，被告人汪×具有如实供述犯罪事实、赃物已起获并发还的从轻处罚情节，建议判处其××至六个月，并处罚金，可以适用××。<SPLIT>","公诉通风口指控，故意伤害罪汪×于2015年12月23日1时许，在本市西安市小红门西顿二小区，趁余灿他人护痛，盗窃被害人杨x人民币现金6295元，盗窃被害人牛x4160元，后被抓获。公诉机关认为，被告人汪×具有如实供述犯罪事实、赃物已起获并发还的从轻处罚情节，建议判处其××至六个月，并处罚金，可以适用××。<SPLIT>",0.0006151199340820312,0.8933264017105103,3,5,3,305,"Successful"
"南宁市良庆区人民检察院指控，2016年2月15日16时许，被告人谢某某去到南宁市良庆区那马镇那马信用社自动取款机取款时，发现被害人马某2将银行卡遗留在自动取款机内，遂用该卡取款人民币2000元。案发后，被告人谢某某已退还全部赃款。当庭出示和宣读了受案登记表、抓获经过、户籍证明、扣押清单、银行卡交易明细清单等书证，证人马某1的证言，被害人马某2的陈述，被告人谢某某的供述，辨认现场笔录、照片等证据。公诉机关认为，被告人谢某某以非法占有为目的，秘密窃取他人财物，数额较大，其行为已触犯《中华人民共和国刑法》××，应","南宁市良庆区人民检察院指控，2016年2月15日16时许，被告人谢某某去到南宁市良庆区那马镇那马信用社自动取款机取款时，发现被害人马某2将银行卡遗留在自动取款机内，遂用该卡取款人民币2000元。案发后，被告人谢某某已退还全部赃款。当庭出示和宣读了受案登记表、抓获经过、户籍证明、扣押清单、银行卡交易明细清单等书证，证人马某1的证言，被害人马某2的陈述，被告人谢某某的供述，辨认现场笔录、照片等证据。公诉机关认为，被告人谢某某以非法占有为目的，秘密攫取他人财物，数额较大，其行为已触犯《中华人民共和国刑法》××，应",0.0004837512969970703,0.903701663017273,3,8,3,164,"Successful"
"公诉机关指控，2012年2月26日，被告人傅某冒名龙品至本市上城区近江农贸市场三楼渔夫网吧从事网管工作。同年2月29日晚，傅某趁收银员离开之机，窃得收银台内人民币2100元后逃离现场。<SPLIT>2012年3月2日上午，被告人傅某在嘉兴市桐乡时代广场三楼D区冠盛网吧内被公安机关抓获。查获赃款人民币1475元已发还被害单位。<SPLIT>","公诉机关指控，2012年2月26日，被告人傅某冒名龙品至本市上城区近江农贸市场三楼渔夫网吧从事网管工作。同年2月29日晚，傅某趁收银员离开之机，劫得收银台内人民币2100元后逃离现场。<SPLIT>2012年3月2日上午，被告人傅某在嘉兴市桐乡时代广场三楼D区冠盛网吧内被公安机关抓获。查获赃款人民币1475元已发还被害单位。<SPLIT>",0.0004500746726989746,0.9999601244926453,3,5,3,122,"Successful"
"经审理查明，2014年4月4日10时许，在诸城市龙都街道王家庄子村东涓河西岸建筑工地，被告人李某驾驶鲁V×××××现代商务车倒车时，因未注意车辆周围情况，将在其车后的王某碾压致死。经鉴定，王某系颅脑损伤死亡。被告人于案发当日报警并接受处理。<SPLIT>上述事实，被告人在开庭审理过程中无异议，并有书证报案记录、抓获经过、行政处罚决定书、户籍证明，证人牛某等人的证言，诸城市公安局刑事科学技术室法医学尸体检验鉴定书及现场勘验检查笔录等证据予以证实，足以认定。<SPLIT>","经审理查明，2014年4月4日10时许，在诸城市龙都街道王家庄子村东涓河西岸居民小区，被告人李某驾驶鲁V×××××现代商务车倒车时，因未注意车辆周围情况，将在其车后的王某碾压毒杀。经鉴定，王某系颅脑损伤死亡。被告人于案发当日报警并接受处理。<SPLIT>上述事实，被告人在开庭审理过程中无异议，并有书证报案记录、抓获经过、行政处罚决定书、户籍证明，证人牛某等人的证言，诸城市公安局刑事科学技术室法医学尸体检验鉴定书及现场勘验检查笔录等证据予以证实，足以认定。<SPLIT>",0.0004924535751342773,0.7978864312171936,10,9,10,206,"Successful"
"浙江省宁波市海曙区人民检察院指控，2017年9月19日2时40分许，被告人胡1某尾随被害人向某步行至本市海曙区高桥镇孙家漕新村1幢和3幢之间弄堂，采用捂嘴等暴力手段，从被害人向某处劫得的OPPO手机一部（价格人民币2369元）和人民币300元。<SPLIT>案发后，赃款、赃物已追还被害人。<SPLIT>","浙江省宁波市海曙区中院指控，2017年9年19日2时40分许，被告人田1另尾随作案人向某步行至本市湖里区码头镇高家漯东村1幢和3幢之间甬道，用于歪嘴等美男计，从被害人向某座劫得的OPPO手机一档（价格蓝魂币2369元）起不死人民币300元。<SPLIT>案发后，货款、走私物品确已追还二讲个被害人。<SPLIT>",0.0005053281784057617,0.0013358592987060547,5,5,5,790,"Failed"
"经审理查明，2014年8月5日21时许，被告人刘某酒后无驾驶资格驾驶闽H×××××号二轮摩托车，从邵武市“严某”美食广场出发，经严某大道、316国道往华光路方向行驶，行经华光路“天润”小区门口路段时，被公安执勤人员查获。经鉴定，刘某案发时血液中乙醇浓度为95.4mg／100ml，属醉酒驾车。<SPLIT>上述事实，被告人刘某在开庭审理过程中亦无异议，且有人员基本信息表、抓获经过、驾驶人信息查询结果单、机动车信息查询结果单、当事人血样提取登记表等书证；被告人刘某的供述；福建武夷司法鉴定所（2014）毒检字第735号司法","经审理查明，2014年8月5日21时许，被告人刘某酒后无驾驶资格驾驶闽H×××××号二轮摩托车，从邵武市“严某”美食广场出发，经严某大道、316国道往华光路方向行驶，行经华光路“天润”小区门口路段时，被公安执勤人员查获。经鉴定，刘某案发时血液中硫酸锌浓度为95.4mg／100ml，属猝死驾车。<SPLIT>上述事实，被告人刘某在开庭审理过程中亦无异议，且有人员基本信息表、抓获经过、驾驶人信息查询结果单、机动车信息查询结果单、当事人血样提取登记表等书证；被告人刘某的供述；福建武夷司法鉴定所（2014）毒检字第735号司法",0.00047707557678222656,0.7981219291687012,1,0,1,213,"Successful"
"经审理查明，2017年6月23日18时许，被告人白某甲在聊城市东昌府区郑家镇家中，看到其家叉车上铁质方框离正在其家东屋门口干活的工人刘某太近，欲将叉车开离；被告人白某甲在开动叉车时不慎将刘某撞倒，致被害人刘某胸腹腔重要脏器毁损死亡。<SPLIT>另查明，案发后于2017年7月2日被告人白某甲与被害人刘某的近亲属自行达成赔偿协议，赔偿刘某的近亲属丧葬费、死亡赔偿金、被抚养人的生活费等各项经济损失共计580000元，且已过付，并取得刘某近亲属的谅解。<SPLIT>上述事实，被告人白某甲在开庭审理过程中亦无异议，且有物证铁质方框照片","经审理查明，2017年6月23日18时许，被告人白某甲在聊城市东昌府区郑家镇家中，看到其家叉车上铁质方框离正在其家东屋门口干活的工人刘某太近，欲将叉车开离；被告人白某甲在开动叉车时不慎将刘某撞倒，致被害人刘某胸腹腔重要脏器毁损杀戮。<SPLIT>另查明，案发后于2017年7月2日被告人白某甲与被害人刘某的近亲属自行达成赔偿协议，赔偿刘某的近亲属丧葬费、死亡赔偿金、被抚养人的生活费等各项经济损失共计580000元，且已过付，并取得刘某近亲属的谅解。<SPLIT>上述事实，被告人白某甲在开庭审理过程中亦无异议，且有物证铁质方框照片",0.000512242317199707,0.9999468922615051,10,9,10,170,"Successful"
"临沂市河东区人民检察院指控，2017年4月13日22时许，被告人张某醉酒驾驶鲁Ｑ×××××号“起亚”小型轿车，沿临沂市河东区孝友路由南向北行驶至与安居街交汇处时，与李某甲发生碰撞后，张某驾车离开；被告人张某在返回现场查看时，再次将李某甲碾压，又驾车离开，被路过的群众截获。事故造成李某甲重型颅脑损伤，前、中颅底粉碎性骨折、右侧后颅底骨折并脑挫裂伤，颅内积气，蛛网膜下腔出血，右侧眼眶内侧壁骨折，右颧弓骨折，双侧多发肋骨骨折，骨盆骨折，右侧膝关节半月板损伤并关节积液，左膑骨、股骨下段胫腓骨上段骨挫伤，左膝内侧副韧","临沂市河东区人民检察院指控，2017年4月13日22时许，被告人张某醉酒驾驶鲁Ｑ×××××号“起亚”小型轿车，沿临沂市河东区孝友路由南向北行驶至与安居街交汇处时，与李某甲发生碰撞后，张某驾车离开；被告人张某在返回现场查看时，再次将李某甲碾压，又驾车离开，被路过的群众截获。事故造成李某甲重型颅脑损伤，前、中颅底粉碎性骨折、右侧后颅底骨折并脑挫裂伤，颅内积气，蛛网膜下腔出血，右侧眼眶内侧壁骨折，右颧弓骨折，双侧多发肋骨骨折，骨盆骨折，右侧膝关节半月板损伤并关节积液，左膑骨、股骨下段胫腓骨上段骨挫伤，左膝内侧副韧",0.9838590621948242,0.9838590621948242,1,1,0,1,"Skipped"
"公诉机关指控，2014年4月28日16时许，被告人张某某无有效机动车驾驶证酒后驾驶蒙KXXXXX号奇瑞牌小型轿车，从东胜区天骄北小区行驶至伊化路与安厦街交叉路口停车场时，撞致前方赵某停放的蒙KXXXXX号长城牌小型普通客车左侧，造成两车受损，后张某某驾车逃离事故现场。经鄂尔多斯市公安局东胜区分局物证鉴定室检测，被告人张某某的血液酒精含量为140.68mg∕100ml，属醉酒驾驶。据此事实，公诉机关认为，被告人张某某的行为已触犯了刑律，应依《中华人民共和国刑法》××××××之规定追究其刑事责任。<SPLIT>","公诉机关指控，2014年4月28日16时许，被告人张某某无有效机动车驾驶证疾亡驾驶蒙KXXXXX号奇瑞牌小型轿车，从东胜区天骄北小区行驶至伊化路与安厦街交叉路口停车场时，撞致前方赵某停放的蒙KXXXXX号长城牌小型普通客车左侧，造成两车受损，后张某某驾车逃离事故现场。经鄂尔多斯市公安局东胜区分局物证鉴定室检测，被告人张某某的毒液酒精含量为140.68mg∕100ml，属醉酒驾驶。据此事实，公诉机关认为，被告人张某某的行为已触犯了刑律，应依《中华人民共和国刑法》××××××之规定追究其刑事责任。<SPLIT>",0.00047409534454345703,0.9978614449501038,1,0,1,207,"Successful"
"伊宁市人民检察院指控，2014年8月4日9时许，被告人张1某与其弟张2某（行政处罚）在天山街农贸市场内，因被害人洪某某与丈夫马某某经营的蔬菜价格较低，影响其生意，双方产生纠纷，二人遂上前殴打马某某，被害人洪某某上前劝阻时，被张1某推倒致其牙齿松动。经鉴定，被害人洪某某伤情系轻伤。<SPLIT>","伊宁市人民检察院指控，2014年8月4日9时许，被告人张1某与其弟张2某（行政处罚）在天山街农贸市场内，因被害人洪某某与丈夫马某某经营的蔬菜价格较低，影响其生意，双方财产分割，二人遂上前殴打马某某，被害人洪某某上前劝阻时，被张1某推倒致其牙齿松动。经鉴定，被害人洪某某死因系轻伤。<SPLIT>",0.0010109543800354004,0.9465501308441162,2,10,2,169,"Successful"
"经审理查明，2016年7月9日10时许，被告人杨某驾驶牌号为鲁N85960号的搅拌车，由南往北行驶至316国道南昌县向塘镇南店铁路桥下，在右转弯进入鸿达搅拌站路口时，将被害人杨2某驾驶的两轮电动车撞倒，致被害人杨2某当场死亡。经法医学鉴定，杨2某系因交通事故辗压致腹部等处损伤而死亡。经事故认定书认定，被告人杨某承担本次事故的全部责任。事故发生后，被告人杨某在事故现场等待民警处理,后被告人杨某到事故中队接受调查，并如实供述了自己的犯罪事实。<SPLIT>案发后，被告人杨某一方赔偿了被害人杨2某亲属的经济损失共计人民币7","经审理查明，2016年7月9日10时许，被告人杨某驾驶牌号为鲁N85960号的搅拌车，由南往北降落至316国道南昌县向塘镇南店铁路桥下，在右转弯进入鸿达搅拌站路口时，将被害人杨2某驾驶的两轮电动车撞倒，致被害人杨2某当场死亡。经法医学鉴定，杨2某系因交通事故辗压致腹部等处损伤而死亡。经事故认定书认定，被告人杨某承担本次事故的全部继承权。事故发生后，被告人杨某在事故现场等待民警处理,后被告人杨某到事故中队接受调查，并如实供述了自己的犯罪事实。<SPLIT>案发后，被告人杨某一方赔偿了被害人杨2某亲属的经济损失共计人民币7",0.0005421042442321777,0.9250401258468628,0,10,0,218,"Successful"
"经审理查明，2013年10月19日，被告人尤某盗窃QQ网友被害人李某某钱包内的邮政储蓄银行卡，并在太原市万柏林区千峰南路邮政储蓄营业所自动取款机上取走卡内现金人民币2000元。作案后，被告人尤某将银行卡丢弃，赃款挥霍。破案后，被告人尤某的亲属代为退赔，被害人对被告人尤某的行为表示谅解。<SPLIT>上述事实，被告人尤某在开庭审理过程中亦无异议，且有被害人的报案材料及陈述、公安机关出具的抓获经过、辨认笔录、银行卡交易明细、谅解书、被告人尤某的供述等证据证实，足以认定。<SPLIT>","经审理查明，2013年10月19日，被告人尤某劫持QQ网友被害人李某某钱包内的邮政储蓄银行卡，并在太原市万柏林区千峰南路邮政储蓄营业所自动取款机上取走卡内现金人民币2000元。作案后，被告人尤某将银行卡丢弃，赃款挥霍。破案后，被告人尤某的亲属代为退赔，被害人对被告人尤某的行为表示谅解。<SPLIT>上述事实，被告人尤某在开庭审理过程中亦无异议，且有被害人的报案材料及陈述、公安机关出具的抓获经过、辨认笔录、银行卡交易明细、谅解书、被告人尤某的供述等证据证实，足以认定。<SPLIT>",0.000590205192565918,0.9999774694442749,3,5,3,149,"Successful"
"公诉机关指控，2015年5月4日晚，张某、史某（已判决）因感情纠纷相约斗殴。被告人张某某受张某纠集，于当日21时许至威海市文登区宝陆公馆停车场与史某等人聚集，后双方进行殴斗，殴斗中，被告人张某某持刀将吴某捅伤。经鉴定，被害人吴某的伤情构成一处重伤二级、一处轻伤二级。<SPLIT>","公诉机关指控，2015年5月4日晚，张某、史某（已判决）因感情纠纷相约斗殴。被告人张某某受张某纠集，于当日21时许至威海市文登区宝陆公馆停车场与史某等人聚集，后双方进行殴斗，殴斗中，被告人张某某持刀将吴某砍死伤。经鉴定，被害人吴某的伤情构成一处重伤二级、一处因受伤二级。<SPLIT>",0.000999152660369873,0.6140505075454712,2,9,2,166,"Successful"
"河南省郑州市管城回族区人民检察院指控，2013年12月2日15时许，被告人李某某酒后乘坐B17路公交车，见被害人张某某手拿一部苹果4手机，遂跟着其在郑州市商城路与城东路站下车并一直跟在身后，趁张某某不备，从其身后将右手里的一部苹果4手机抢走，张某某紧追李某某并大喊“有人抢手机，抓住他”，李某某又回头将张某某脖子上带的一条黄金项链抢走，并将手机扔掉，当其逃跑到郑州市商城路与城东路交叉口“好乐迪KTV”门前时被群众抓住，后被接报警赶到的民警抓获。经鉴定，苹果4手机价值1300元，千足金黄金项链重7.31克，价值","河南省郑州市管城回族区人民检察院指控，2013年12月2日15时许，被告人李某某酒后乘坐B17路公交车，见被害人张某某手拿一部苹果4手机，遂跟着其在郑州市商城路与城东路站下车并一直跟在身后，趁张某某不备，从其身后将右手里的一部苹果4手机抢走，张某某紧追李某某并大喊“有人抢手机，抓住他”，李某某又回头将张某某脖子上带的一条黄金项链踢走，并将手机扔掉，当其逃跑到郑州市商城路与城东路交叉口“好乐迪KTV”门前时被群众抓住，后被接报警赶到的民警抓获。经鉴定，苹果4手机价值1300元，千足金黄金项链重7.31克，价值",0.0005614161491394043,0.9839662313461304,8,5,8,181,"Successful"
"公诉机关指控，2013年12月24日19时许，被告人廖某某与许某等人到漳平市菁城街道江滨路“天上人间KTV”喝酒。当日23时20分许，被告人廖某某酒后驾驶车牌号为闽FBQ173二轮摩托车准备回家，经漳平市公安局门口路段时被执勤民警查获，经现场呼气酒精含量检测仪检测，被告人廖某某的酒精含量为158.3㎎／100ml。随后，被告人廖某某被带至漳平市医院抽取血样。经福建南方司法鉴定中心鉴定，被告人廖某某的血样中乙醇含量为148.10㎎／100ml血，属醉酒驾车。2014年1月6日，被告人廖某某被漳平市公安局传唤到","公诉机关指控，2013年12月24日19时许，被告人廖某某与许某等人到漳平市菁城街道江滨路“天上人间KTV”喝酒。当日23时20分许，被告人廖某某疾亡驾驶车牌号为闽FBQ173二轮摩托车准备回家，经漳平市公安局门口路段时被执勤民警查获，经现场呼气酒精含量检测仪检测，被告人廖某某的酒精含量为158.3㎎／100ml。随后，被告人廖某某被带至漳平市医院抽取血样。经福建南方司法鉴定中心鉴定，被告人廖某某的血样中乙醇含量为148.10㎎／100ml血，属猝死上车。2014年1月6日，被告人廖某某被漳平市公安局传唤到",0.0005586743354797363,0.8712276816368103,1,0,1,226,"Successful"
"经审理查明，2006年12月18日夜晚19时10分，被告人肖某甲驾驶河南SY0823号三轮农用车，沿省道339线由东向西行至新县沙窝镇大桥路段时，将行人高某撞伤，事故发生后，肖某甲驾车逃逸并外逃。高某经抢救无效于当日死亡。经法医鉴定：高某符合交通肇事重度颅脑损伤死亡。新县公安交通警察大队交通事故认定：肖某甲负事故全部责任，高某无责任。2011年10月25日被告人肖某甲到武汉市公安局新洲分局交通巡警民警大队汪集中队投案。归案后，被告人肖某甲与被害人家属已就民事赔偿达成协议并已兑现。<SPLIT>上述事实，被告人在开庭审","经审理查明，2006年12月18日夜晚19时10分，被告人肖某甲驾驶河南SY0823号三轮农用车，沿省道339线由东向西行往新县沙窝镇大桥路段时，将行人高某扎伤，事故发生后，肖某甲驾车逃之夭夭并外逃。高某经自杀身亡于当日绝望。经法医鉴定：高某容易接受交通肇事重度头颈部损伤杀戮。新县公安交通警察大队交通事故认定：肖某甲负事故全部责任，高某无责任。2011年10月25日被告人肖某甲到武汉市公安局新洲分局交通巡警民警大队汪集中队投案。归案后，被告人肖某甲与被害人家属已就民事赔偿达成协议并已兑现。<SPLIT>上述事实，被告人在开庭审",0.0006486773490905762,0.579771876335144,0,9,0,473,"Successful"
"公诉机关指控，2014年8月31日18时许，被告人李某伙同他人在北京市东城区北京站东街938路公交车站处，趁被害人何×姐上车之机，抢夺何×姐周大福牌千足金项链1条，经鉴定价值人民币6856.4元。被告人李某后被公安机关抓获，赃物未起获。<SPLIT>","公诉机关指控，2014年8月31日18时许，被告人李某伙同他人在北京市东城区北京站东街938路公交车站处，趁被害人何×姐上车之机，侵吞何×姐周大福牌千足金项链1条，经鉴定价值人民币6856.4元。被告人李某后被公安机关抓获，赃物未起获。<SPLIT>",0.0006722211837768555,0.9236546158790588,8,3,8,104,"Successful"
"剑阁县人民检察院指控：2013年9月24日，被告人安某某饮酒后驾驶无号牌两轮摩托车，从剑阁县XX镇沿X老街方向行驶，次日0时25分行驶至XX大道罗某美房前时，与停放在非机动车道内的川H28856号轻型货车相撞，造成安某某本人受伤、车辆受损的轻微道路交通事故。对其抽取静脉血液后，经广元市公安局物证鉴定所检验，其体内血液酒精含量为175mg／100ml，属于醉酒驾驶机动车。<SPLIT>公诉机关认为，被告人安某某醉酒驾驶机动车，其血液中酒精含量175mg／100ml，其行为已触犯《中华人民共和国刑法》××××的规定，犯罪","剑阁县人民检察院指控：2013年9月24日，被告人安某某饮酒中后驾驶无号牌两轮摩托车，从剑阁县XX镇沿X老街方向行驶，次日0时25分行驶至XX大道罗某美屋中时，与停放在非机动车道内的川H28856号轻型货车相撞，造成安某某本人受伤、车辆受损的轻微道路交通事故。对其抽取静脉血液后，经广元市公安局物证鉴定所检验，其魂魄血液安眠剂含量为175mg／100ml，赋予醉酒驾驶机动车。<SPLIT>故意杀人机关认为，被告人骆某某醉酒驾驶机动车，慎厚血液中酒精含量175mg／100ml，其行为已触犯《中华人民共和国刑法》××××的规定，犯罪",0.0004901885986328125,0.9354592561721802,1,0,1,511,"Successful"
"公诉机关指控，被告人陈2某于2016年9月25日在其家中容留吸毒人员陈3某、袁某吸食毒品一次；于2016年9月26日中午l点左右，在家中容留袁某吸食毒品一次；于2016年9月26日下午在其家中容留袁某、“虎某”及其朋友吸食毒品一次；于2016年9月26日晚9点左右在其家中容留吸毒人员刘2某吸食毒品一次。<SPLIT>据此，公诉机关向本院提交了相关的证据，认为被告人陈2某的行为已构成××，提请本院依照《中华人民共和国刑法》××之规定惩处。<SPLIT>","审查起诉机关过失杀人，被告方陈2某权2016年9月25日在芷楼因其家里的容留涉毒随行人员陈3某、袁某性侵一次；于2016年9月26日中饭l点两到，着家中藏毒袁某猥亵一次；于2016年9月26日放假了其家中容留袁某、“虎某”及其伴侣贩卖毒品一次；于2016年9月26日晚9点左右玄武之泽前因其家中容留涉毒人员刘2和一吸食毒品一次。<SPLIT>便妄下，公诉机关向院办提交了相关梵勒希证据确凿，认为被告人陈2某的行为已构成××，起诉案庭依照《中华人民共和国宪法刑法》××之规定惩处。<SPLIT>",0.00040858983993530273,0.2128015160560608,6,6,6,872,"Failed"
"经审理查明，2014年1月28日10时许，被告人许某驾驶未经登记且未取得临时通行牌证的重型货车，沿徐州市铜山区利国镇Y208镇道由东向西行驶至1KM＋520M处时，因对路面情况疏于观察，与同向李某驾驶的无号牌两轮摩托车发生事故，致李某颅脑损伤当场死亡。肇事后被告人许某驾车逃逸。经公安机关交巡警部门认定，被告人许某负此事故的全部责任。<SPLIT>2014年1月29日，被告人许某主动到公安机关投案，并如实供述了上述犯罪事实。<SPLIT>被告人许某与被害人李某的亲属达成了交通事故赔偿协议书，己赔偿了被害人亲属各项经济损失人民币8","经审理查明，2014年1月28日10时许，被告人许某驾驶未经登记且未取得临时通行牌证的重型货车，沿徐州市铜山区利国镇Y208镇道由东向西绕行至1KM＋520M处时，因对路面情况长年观察，与同向李某驾驶的无号牌两轮摩托车发生事故，致李某颅底损伤当场杀戮。肇事后被告人许某驾车逃逸。经公安机关交巡警部门认定，被告人许某负此事故的全部罪责。<SPLIT>2014年1月29日，被告人许某主动到公安机关投案，并如实供述了上述犯罪事实。<SPLIT>被告人许某与被害人李某的亲属达成了交通事故赔偿协议书，己赔偿了被害人亲属各项经济损失人民币8",0.0005875825881958008,0.8838740587234497,0,9,0,360,"Successful"
"公诉机关指控，2015年8月底，被告人祝某在汪1某邀约下，与王1某、汪2某、许某、“豆腐”（后四人另案处理）等人从攀枝花市到西昌市经久乡准备盗窃攀钢二基地内的财物。2015年9月，被告人祝某与汪1某、王1某等人到达西昌后，租用西昌市经久乡王家村村民王2某的一间民房用于堆放赃物，从街上买来类似攀钢公司工作服穿上便于进出攀钢公司门岗，利用租来的川WK8072号车分八九次进入西昌市钢钒有限公司炼钢厂炼钢冶炼综合楼合金料仓盗窃钼铁200余公斤，并将盗窃所得钼铁存放于租用民房中，之后由汪1某和汪2某联系将赃物出售，所","公诉机关指控，2015年8月底，故意杀人祝某在汪1某邀约下，与王1某、汪2某、许某、“豆腐”（后四人另案处理）等人从攀枝花市到西昌市经久乡准备盗抢攀钢二基地内的财物。2015年9月，被告人祝某与汪1某、王1某等人到达西昌后，租用西昌市经久乡王家村村民王2某的一间民房用于堆放赃物，从街上买来类似攀钢公司工作服穿上便于进出攀钢公司门岗，利用租来的川WK8072号车分八九次进入西昌市钢钒有限公司炼钢厂炼钢冶炼综合楼合金料仓盗窃钼铁200余公斤，并将盗窃所得钼铁存放于租用民房中，之后由汪1某和汪2某联系将赃物出售，所",0.0008285045623779297,0.5139373540878296,3,5,3,233,"Successful"
"乐至县人民检察院指控，被告人李某某于2013年11月4日以抵消欠款的方式以5000元的价格从一个叫“小某”（真实姓名不详）的人处购得毒品24.26克并放置于其驾驶的车牌号为川A260WT的英某车内，后李某某驾该车停放于成都市金牛区“万科金域西岭”小区地下停车场。乐至县公安局在抓捕涉嫌贩卖毒品的犯罪嫌疑人杨某某（另案处理）时挡获李某某，并从其手机中发现李某某有购买毒品内容的短信。经讯问，李某某交代了其购买冰毒并存放于其驾驶车辆中的事实。经鉴定，李某某所持有毒品中检出甲基苯丙胺。并有物证、书证、证人证言、被告人","乐至县人民检察院指控，被告人李某某于2013年11月4日以抵消欠款的方式以5000元的价格从一个叫“小某”（真实姓名不详）的人处购得毒品24.26克并放置于其驾驶的车牌号为川A260WT的英某车内，后李某某驾该车停放于成都市金牛区“万科金域西岭”小区地下停车场。乐至县公安局在抓捕涉嫌贩卖毒品的犯罪嫌疑人杨某某（另案处理）时挡获李某某，并从其手机中发现李某某有购买毒品内容的短信。经讯问，李某某交代了其购买冰毒并存放于其驾驶车辆中的事实。经鉴定，李某某所收取毒品中检出可卡因。并有物证、书证、证人证言、被告人",0.0006219148635864258,0.6524446606636047,7,4,7,186,"Successful"
"经审理查明：被告人王某甲与附带民事诉讼原告人李某甲、李某丙、李某丁、李某乙之父李某戊系同村村民。2014年1月24日，被告人王某甲将自己耕种的赤水市长期镇合云村云盘组三王坪（小地名）的半块责任田地，以人民币三万元的价格转让给赤水市长期镇合云村顺河组村民李某戊耕种，双方签订土地调整协议。尔后，双方因土地价格发生分歧，逐渐产生矛盾。2016年2月12日，被告人王某甲将村民李某戊种植在该田地里的荔枝树苗拨松，同年2月13月15时许，李某戊及其孙子李某某、李某等三人在长期镇合云村云盘组王某家院坝处遇见被告人王某甲，","经审理查明：被告人王某甲与附带民事诉讼原告人李某甲、李某丙、李某丁、李某乙之父李某戊系同村村民。2014年1月24日，被告人王某甲将自己耕种的赤水市长期镇合云村云盘组三王坪（小地名）的半块责任田地，以人民币三万元的价格转让给赤水市长期镇合云村顺河组村民李某戊耕种，双方签订土地调整协议。尔后，双方因土地价格发生分歧，逐渐产生矛盾。2016年2月12日，被告人王某甲将村民李某戊种植在该田地里的荔枝树苗拨松，同年2月13月15时许，李某戊及其孙子李某某、李某等三人在长期镇合云村云盘组王某家院坝处遇见被告人王某甲，",0.9948495626449585,0.9948495626449585,9,9,10,1,"Skipped"
"瑞安市人民检察院指控：2011年9月15日凌晨1时许，被告人邰某甲伙同邰某乙、邰某丙、邰某丁（均已判）经事先预谋，窜至瑞安市塘下镇鲍田官渡村新中街32号，由被告人邰某甲和邰某丁负责望风，由邰某乙和邰某丙用事先准备的大剪刀破窗入室，窃得戴某乙的一辆电动车。经估价，被盗的电动车价值计人民币1425元。现该电动车已被追回并发还给被害人。<SPLIT>2012年10月16日，被告人邰某甲被公安机关抓获。<SPLIT>","瑞安市人民检察院指控：2011年9月15日凌晨1时许，被告人邰某甲伙同邰某乙、邰某丙、邰某丁（均已判）经事先预谋，窜至瑞安市塘下镇鲍田官渡村新中街32号，由被告人邰某甲和邰某丁负责望风，由邰某乙和邰某丙用事先准备的大剪刀破窗入室，劫取戴某乙的一辆电动车。经估价，被盗的电动车价值计人民币1425元。现该电动车已被追回并发还给被害人。<SPLIT>2012年10月16日，被告人邰某甲被公安机关抓获。<SPLIT>",0.0005953311920166016,0.9999271631240845,3,5,3,148,"Successful"
"公诉机关指控，被告人李2某与夫弟吴某长期有矛盾，遂怀恨于心，意图杀死吴某。2014年9月14日0时许，被告人李2某携带插板、电线、电筒等物品，进入余庆县构皮滩镇瓮脚村金坡组吴某家中，将电线接通电源，电击熟睡中的吴某，吴某遭电击后醒来，与李2某发生抓扯并将其推出屋外，后李2某逃回自己家中。被告人李2某的行为触犯《中华人民共和国刑法》××的规定，构成××（未遂），应予以刑罚处罚。同时向本院提供了被告人的供述、被害人的陈述、证人证言、户籍证明等证据在卷佐证。<SPLIT>","公诉机关指控，被告人李2某与夫弟吴某长期有矛盾，遂怀恨于心，意图打倒吴某。2014年9月14日0时许，被告人李2某携带插板、电线、电筒等物品，进入余庆县构皮滩镇瓮脚村金坡组吴某家中，将电线接通电源，电击熟睡中的吴某，吴某遭电击后醒来，与李2某遇袭猛抓并将其推出屋外，后李2某逃回自己家中。被告人李2某的行为触犯《中华人民共和国刑法》××的规定，构成××（未遂），应予以刑罚处罚。同时向本院提供了被告人的供述、被害人的陈述、证人证言、户籍证明等证据在卷佐证。<SPLIT>",0.0007058382034301758,0.8349785804748535,9,5,9,267,"Successful"
"广西壮族自治区柳州市鱼峰区人民检察院指控：<SPLIT>2016年1月2日1时许，被告人覃某伙同他人（另案处理）到柳州市鱼峰区某大道某小区某云吞店二楼何某（另案处理）的出租房内，持木棍敲打被害人吴某头部及身体，致吴某当场昏迷。作案后，覃某随即伙同他人逃离现场。<SPLIT>2016年1月4日，公安机关对被告人覃某进行网上追逃。同年9月30日，覃某主动到柳州市公安局太阳村派出所投案，并如实供述上述犯罪事实。经柳州市公安局物证鉴定所鉴定，被害人吴某所受损伤程度构成轻伤一级。<SPLIT>为支持上述指控，公诉机关向本院提交了如下证据：1、书证","广西壮族自治区柳州市鱼峰区人民检察院指控：<SPLIT>2016年1月2日1时许，被告人覃某伙同他人（另案处理）到柳州市鱼峰区某大道某小区某云吞店二楼何某（另案处理）的出租房内，持木棍敲打被害人吴某头部及身体，致吴某当场昏迷。作案后，覃某随即伙同他人逃离现场。<SPLIT>2016年1月4日，公安机关对被告人覃某进行网上追逃。同年9月30日，覃某主动到柳州市公安局太阳村派出所投案，并如实供述上述犯罪事实。经柳州市公安局物证鉴定所鉴定，被害人吴某所受损伤程度构成轻伤一级。<SPLIT>为支持上述指控，公诉机关向本院提交了如下证据：1、书证",0.9961880445480347,0.9961880445480347,5,5,2,1,"Skipped"
"青岛铁路运输检察院指控：<SPLIT>2017年9月19日凌晨4时许，被告人辛某在青岛市普集路普吉新区旁的兄弟烧烤店内，因与一同吃饭饮酒的被害人王某言语不和，遂用扎啤杯击打其头部左侧，致王某左耳廓软骨离断，贯穿全层，随后被告人辛某又与其兄弟辛某1、辛某2继续殴打王某与赶来劝架的和某，后被他人劝开。经法医学人体损伤程度鉴定，被害人王某之损伤为轻伤二级，和某之损伤为轻微伤。<SPLIT>案发当日，被告人辛某被公安机关抓获归案，辛某1、辛某2被公安机关行政处罚。被告人辛某赔偿了被害人王某、和某的经济损失，并达成了和解协议。<SPLIT>","青岛铁路运输检察院指控：<SPLIT>2017年9月19日凌晨4时许，被告人辛某在青岛市普集路普吉新区旁的兄弟烧烤店内，因与一同吃饭饮酒的被害人王某言语不和，遂用扎啤杯挥砍其头部左侧，致王某左耳廓软骨离断，贯穿全层，随后被告人辛某又与其兄弟辛某1、辛某2继续殴打王某与赶来劝架的和某，后被他人劝开。经法医学人体损伤程度鉴定，被害人王某之损伤为轻伤二级，和某之损伤为轻微伤。<SPLIT>案发当日，被告人辛某被公安机关抓获归案，辛某1、辛某2被公安机关行政处罚。被告人辛某赔偿了被害人王某、和某的经济损失，并达成了和解协议。<SPLIT>",0.0006600022315979004,0.6876639127731323,2,9,2,163,"Successful"
"经审理查明，2015年12月12日3时许，被告人陆某为了向其男友掩饰其在二人同居以前就怀孕的事实，在明知自己即将分娩的情况下，独自来到位于唐山市高新技术产业开发区李各庄村村委会南侧某条某号邻居家的厕所内，将一名女婴产在粪坑内后离开现场，回屋继续睡觉，致该女婴死亡。经唐山市公安局物证鉴定所鉴定，被告人陆某为该女婴的生物学母亲，且该女婴的死因为低温下冻死。<SPLIT>上述事实，被告人陆某在开庭审理过程中亦无异议，并有案件来源、证人张某、刘某某等人的证言、辨认笔录、鉴定意见、勘验笔录等证据证实，足以认定。<SPLIT>","经审理查明，2015年12月12日3时许，被告人陆某为了向其男友掩饰其在二人同居以前就怀孕的事实，在明知自己即将分娩的情况下，独自来到位于唐山市高新技术产业开发区李各庄村村委会南侧某条某号邻居家的厕所内，将一名女婴产在粪坑内后离开现场，回屋继续睡觉，致该女婴死亡。经唐山市公安局物证鉴定所鉴定，被告人陆某为该女婴的生物学母亲，且该女婴的死因为低温下冻死。<SPLIT>上述事实，被告人陆某在开庭审理过程中亦无异议，并有案件来源、证人张某、刘某某等人的证言、辨认笔录、鉴定意见、勘验笔录等证据证实，足以认定。<SPLIT>",0.9964566230773926,0.9964566230773926,10,10,9,1,"Skipped"
"阳朔县人民检察院指控被告人王某甲于2015年6月3日22时许，在其住宿的阳朔镇雨亭酒店501房间内容留未成年人陈某及王某乙吸食毒品甲基苯丙胺。公诉机关认为，被告人王某甲的行为已触犯《中华人民共和国刑法》××规定，构成××。提请本院依法惩处。<SPLIT>","阳朔县人民检察院指控被告人王某甲于2015年6月3日22时许，在其住宿的阳朔镇雨亭酒店501房间内容付上未成年人陈某及王某乙自杀未遂甲基苯丙胺。公诉机关认为，被告人王某甲的行为已触犯《中华人民共和国刑法》××规定，构成××。提请本院依法惩处。<SPLIT>",0.00040906667709350586,0.9998143911361694,6,9,6,151,"Successful"
"黑龙江省泰来县人民检察院起诉书指控，被告人唐某系泰来县居民，其居住在泰来县某小区，其于2011年5月某日及2012年4月至7月间，先后四次在其住所内容留多人吸食毒品，具体事实如下：<SPLIT>1、2011年5月某日，被告人唐某在其居住的泰来县某小区，同陈某某、裴某某、张某某、王某某等人吸食冰毒。<SPLIT>2、2012年4月某日，被告人唐某同李某某、王某在其住所内吸食冰毒。<SPLIT>3、2012年7月某日，被告人唐某同李某某、汪某、许某某、许某、李某某在其住所内吸食毒品。<SPLIT>4、2012年7月某日，被告人唐某同李某某、汪某、许某","黑龙江呼玛县纪委悔过书指控，被告人唐某系泰来县居民，从而安葬了珲春县某小区，其于2011年5月正巧是广施君2012前斐南4月至7月间，先后一次从其居住地发言稿宓向吸食毒品，具体当事人如下：<SPLIT>1、2011年5月前天，被告人邱某在其居住也绥棱县某小区，同陈某某、裴经理、张某某、邱某某找人带人吸食冰毒。<SPLIT>2、2012月4月要巧遇，被告方唐某同李律师、谢某他其住所内吸食冰毒。<SPLIT>3、2012天来7月要某日，被告人裴某同程某某、付某、许某称、许某、李某以在其停尸房内落吸食毒品。<SPLIT>4、2012前斐南7月偶遇，被告方唐某望李某时、汪某、张某",0.000390470027923584,0.004815518856048584,6,6,6,1836,"Failed"
"东港市人民检察院指控，2015年8月6日晚9时许，被告人胡某来到东港市某菜农委五组殷某某家，盗走皮包一个，内有现金人民币5400余元。<SPLIT>2015年8月18日，被告人胡某被公安机关抓获。<SPLIT>","东港市人民检察院指控，2015年8月6日晚9时许，被告人胡某来到东港市某菜农委五组殷某某家，夺走皮包一个，内有现金人民币5400余元。<SPLIT>2015年8月18日，被告人胡某被公安机关抓获。<SPLIT>",0.0004787445068359375,0.9999700784683228,3,8,3,90,"Successful"
"公诉机关指控，1、2013年底的一天凌晨，被告人梁某甲在邛崃市宝林镇南岳村XX组，将被害人闫某甲圈养在家中土坯房内的7只母鸡、1只公鸡盗走。经邛崃市价格认证中心鉴定，被盗8只鸡共价值人民币1141元。<SPLIT>2、2014年2、3月份的一天凌晨，被告人梁某甲在蒲江县西崃镇双流村X组，将被害人黄某甲养在家中鸡舍内的3只公鸡、2只母鸡盗走。经邛崃市价格认证中心鉴定，被盗5只鸡共价值人民币876元。<SPLIT>3、2014年2、3月份的一天凌晨，被告人梁某甲在邛崃市牟礼镇迎祥村X组，将被害人杨某甲养于自家房后树林内的2只母鸡盗","省高院机关指控，1、2013年底的一天凌晨，被告人梁某甲在邛崃市宝林镇南岳村XX组，将被害人闫某甲奴役在家中土坯房内的7只母鸡、1只猪劫走。经邛崃市价格认证边缘鉴别，被盗8十头共资源人民币1141元。<SPLIT>2、2014年2、3月份的一天凌晨，被告人梁某甲在蒲江县西崃镇双流村X组，将被害人黄某甲养在家中鸡舍内的3只公鸡、2只青蛙盗走。经邛崃市价格认证中心鉴定，被盗5只鸡共价值人民币876元。<SPLIT>3、2014年2、3月份的一天凌晨，被告人梁某甲在邛崃市牟礼镇迎祥村X组，将被害人杨某甲养于自家房后树林内的2只母鸡盗",0.0005134344100952148,0.9899249076843262,3,5,3,460,"Successful"
"湖南省娄底市娄星区人民检察院指控：2014年12月4日4时许，公安民警根据举报在娄底城区茉莉花酒店508房将被告人胡某某抓获，随后从胡某某的背包里搜出甲基苯丙胺（冰毒）以及甲基苯丙胺片剂（俗称“麻古”）121粒。经鉴定，从胡某某包内搜出的甲基苯丙胺净重为44.1613克，搜出的甲基苯丙胺片剂净重为11.3423克。<SPLIT>","湖南省娄底市娄星区人民检察院指控：2014年12月4今4时许，公安民警根据举报在娄底城区茉莉花酒店508房将被告人胡某某抓获，随后从胡某某的背包里搜出甲基苯丙胺（假酒）以及甲基苯丙胺片剂（俗称“麻古”）121瓶。经鉴定，从胡某某包内搜出的甲基苯丙胺净重为44.1613维，盗走的甲基苯丙胺片剂净重为11.3423克。<SPLIT>",0.0008113980293273926,0.880856990814209,7,3,7,310,"Successful"
"常熟市人民检察院指控被告人李某于2014年3月21日凌晨，在常熟市虞山镇方塔街九州宾馆与华联商厦的夹弄内，趁无人之际，窃得被害人皇甫某放在该处的价值人民币1200元的福喜牌燃油助力车1辆。案发后，赃物已被公安机关追缴并发还被害人皇甫某。被告人李某到案后如实供述自己的罪行。<SPLIT>为证实上述指控的事实，公诉机关提供了相应的证据。公诉机关据此认为，被告人李某以非法占有为目的，采用秘密手段，窃取公民财物，数额较大，其行为触犯了《中华人民共和国刑法》××的规定，应当以××追究其刑事责任。被告人李某如实供述自己的罪行，可","常熟市人民检察院指控被告人李某于2014年3月21日凌晨，在常熟市虞山镇方塔街九州宾馆与华联商厦的夹弄内，趁无人之际，窃得被害人皇甫某放在该处的价值人民币1200元的福喜牌燃油助力车1辆。案发后，赃物已被公安机关追缴并发还被害人皇甫某。被告人李某到案后如实供述自己的罪行。<SPLIT>为证实上述指控的事实，公诉机关提供了相应的证据。公诉机关据此认为，被告人李某以非法占有为目的，采用秘密手段，夺取公民财物，数额较大，其行为触犯了《中华人民共和国刑法》××的规定，应当以××追究其刑事责任。被告人李某如实供述自己的罪行，可",0.0004800558090209961,0.9889482259750366,3,8,3,163,"Successful"
"武汉市江岸区人民检察院指控：2016年3月7日，被告人刘某在本市江岸区百步龙庭幸福全网购店借用被害人陈某1的手机，在得知陈某1支付宝账号和密码信息的情况下登陆手机支付宝并申请贷款人民币10,000元，后将申请贷款的人民币10,000元通过支付宝转账的方式转移至自己的支付宝及银行卡中使用。<SPLIT>2016年6月28日，公安机关将被告人刘某抓获。<SPLIT>在本院审理期间，被告人刘某退出赃款人民币10,000元，现暂扣于本院。<SPLIT>","武汉市江岸区人民检察院指控：2016年3月7日，被告人刘某在本市江岸区百步龙庭幸福全网购店借用被害人陈某1的手机，在得知陈某1支付宝账号和密码信息的情况下登陆手机支付宝并申请贷款人民币10,000元，后将申请贷款的人民币10,000元通过支付宝转账的方式抢占至自己的支付宝及银行卡中使用。<SPLIT>2016年6月28日，公安机关将被告人刘某抓获。<SPLIT>在本院审理期间，被告人刘某退出赃款人民币10,000元，现暂扣于本院。<SPLIT>",0.0009987950325012207,0.9997763633728027,3,8,3,146,"Successful"
"公诉机关指控，2015年11月7日20时40分左右，被告人唐某喝酒后驾驶无牌轻便二轮摩托车沿临海市杜桥镇杜前路自西往东行驶，驶经杜前路166号前路段处，与李某停在道路上的浙J×××××号小型轿车发生碰撞，造成两车受损、唐某受伤的交通事故。经鉴定，案发时被告人唐某血液中检出酒精成分，酒精含量为209mg／100ml。被告人唐某到案后如实供述了自己的犯罪事实。<SPLIT>","公诉机关指控，2015年11月7日20时40分左右，被告人唐某吃吃喝喝后驾驶无牌轻便二轮摩托车沿临海市杜桥镇杜前路自西往东行驶，驶经杜前路166号前路段处，与李某停在道路上的浙J×××××号小型轿车发生碰撞，造成两车受损、唐某受伤的重伤事故。经鉴定，案发时被告人唐某生命精华中检出酒精成分，酒精含量为209mg／100ml。被告人唐某到案后如实供述了自己的犯罪事实。<SPLIT>",0.00048041343688964844,0.9892843961715698,1,0,1,234,"Successful"
"富锦市人民检察院指控：2015年9月25日4时许，被告人静某某饮酒后驾驶黑H36A16号松花江牌小型普通客车，沿富锦市中央大街由东向西行驶至富锦市运输公司门前附近时，由于瞭望不周将路边行人被害人刘某某撞倒，至刘某某当场死亡。经法医鉴定：被害人刘某某生前因交通事故造成重度颅脑损伤死亡。富锦市公安局交通事故认定书认定：静某某负事故的全部责任，刘某某无事故责任。<SPLIT>被告人静某某于2015年9月25日主动到公安机关投案，并如实供述犯罪事实。<SPLIT>公诉机关向本院移送了相应的证据，认为被告人静某某的行为触犯了《中华人民共","富锦市人民检察院指控：2015年9月25日4时许，被告人静某某饮酒后驾驶黑H36A16号松花江牌小型普通客车，沿富锦市中央大街由东向西驻停至富锦市装卸公司门前附近时，一方面瞭望不周将路边行人被害人刘某某扑倒在，至刘某某当场杀戮。经法医鉴定：被害人刘某某父亲因交通事故造成重度颅损伤濒死。富锦市公安局交通事故认定书认定：静某某负事故的全部责任，刘某某无事故责任。<SPLIT>被告人静某某于2015年9月25日主动到公安机关投案，并如实供述犯罪事实。<SPLIT>公诉机关向本院移送了相应的证据，认为被告人静某某的行为触犯了《中华人民共",0.0006306767463684082,0.6451981663703918,0,9,0,503,"Successful"
"广州市花都区人民检察院指控，2014年1月3日20许，被告人凌某为实施犯罪携带折叠小刀一把，去到广东省广州市花都区狮岭镇康政路东福超市里的六福珠宝店内以看黄金手链为借口，从营业员李某艳手上接过一条黄金手链后逃跑，在逃跑途中被抓获归案。经广州市花都区价格认证中心鉴定：上述千足金手链，重29.53克，价值9261元。<SPLIT>公诉机关认为被告人凌某以非法占有为目的，携带凶器抢夺，其行为触犯了《中华人民共和国刑法》××××、××之规定，构成××。结合被告人有坦白、赃物已起回等情节，建议判处被告人凌某三年零十个月以下××","广州市花都区人民检察院指控，2014年1月3日20许，被告人凌某为实施犯罪携带折叠鱼叉一把，去到广东省广州市花都区狮岭镇康政路东福超市里的六福珠宝店内以看黄金手链为借口，从营业员李某艳手上接过一条黄金手链后逃跑，在逃跑途中被抓获归案。经广州市花都区价格认证中心鉴定：上述千足金手链，重29.53克，价值9261元。<SPLIT>公诉机关认为被告人凌某以非法占有为目的，携带刀鞘抢夺，其行为触犯了《中华人民共和国刑法》××××、××之规定，构成××。结合被告人有坦白、赃物已起回等情节，建议判处被告人凌某三年零十个月以下××",0.0010042786598205566,0.7285383939743042,5,8,5,215,"Successful"
"惠州市惠阳区人民检察院指控，2014年7月2日凌晨5时许，惠阳区公安分局沙田派出所巡逻民警在惠阳区深汕高速（往深圳方向）沙田路段（距离沙田服务区约有1000米左右）发现一辆车牌号为粤BXXXX可疑小轿车，办案民警遂上前对该轿车进行检查，在驾驶员杨某城的蓝色牛仔裤左边裤袋内查获用白色透明胶带包装白色晶体状可疑毒品“冰毒”1包，经讯问，该毒品为被告人杨某城向一男子（姓名不详，另案处理）购买用于个人吸食。经鉴定，白色晶体状可疑毒品净重15.05克，检出甲基苯丙胺成分。认定上述犯罪事实的证据有：被告人供述、证人证言","惠州市惠阳区人民检察院指控，2014年7月2日凌晨5时许，惠阳区公安分局沙田派出所巡逻民警在惠阳区深汕高速（往深圳方向）沙田路段（距离沙田服务区约有1000米左右）发现一辆车牌号为粤BXXXX可疑小轿车，办案民警遂上前对该轿车进行检查，在驾驶员杨某城的蓝色牛仔裤左边裤袋内制贩用白色透明胶带包装白色晶体状可疑毒品“贩卖毒品”1包，经讯问，该毒品为被告人杨某城向一男子（姓名不详，另案处理）购买用于个人吸食。经鉴定，白色晶体状可疑违禁物品净重15.05斯，检出甲基苯丙胺成分。认定上述犯罪事实的证据有：被告人供述、证人证言",0.00047457218170166016,0.7142285704612732,7,4,7,301,"Successful"
"公诉机关指控，2016年1月9日凌晨，被告人李某酒后驾驶川A059BG号小型轿车搭载张某、罗某、王某、杨某沿东竹路由槽渔滩镇往东岳镇方向行驶。0时11分许，车行至东竹路5km＋300m处时，超速行驶驶出左侧路外，与槽渔滩镇徐嘴村1组周某某家房屋相撞，造成张某受伤、周某某家部分房屋及川A059BG号小型轿车受损的交通事故。经洪雅县公安局交警大队作出责任认定：李某承担此事故全部责任。经鉴定，被告人李某血液中乙醇含量为153.558mg／100ml。案发后，被告人李某如实供述了犯罪事实，并赔偿了周某某家房屋受损的","公诉机关指控，2016年1月9日凌晨，被告人李某疾亡驾驶川A059BG号小型轿车搭载张某、罗某、王某、杨某沿东竹路由槽渔滩镇往东岳镇方向行驶。0时11分许，车行至东竹路5km＋300m处时，超速行驶驶出左侧路外，与槽渔滩镇徐嘴村1组周某某家房屋相撞，造成张某受伤、周某某家部分房屋及川A059BG号小型轿车受损的交通事故。经洪雅县公安局交警大队作出责任认定：李某承担此事故全部责任。经鉴定，被告人李某血液中乙醇含量为153.558mg／100ml。案发后，被告人李某如实供述了犯罪事实，并赔偿了周某某家房屋受损的",0.0005444884300231934,0.9992780089378357,1,0,1,162,"Successful"
"武汉市江汉区人民检察院指控，被告人谢某受他人指使以人体藏毒的方式吞入疑似毒品物62袋，从外地运输到武汉市，于2014年2月26日12时许入住武汉市江汉区青年路江华园旅馆航空路第二分店815房，并在该房内排出毒蛋62袋后被公安机关抓获，现场查获其排出的黑胶带及塑料纸包装红色圆形片剂62包。经武汉市公安局毒品鉴定中心鉴定：上述黑胶带及塑料纸包装红色圆形片剂62包为毒品甲基苯丙胺，净某198.88克。<SPLIT>针对上述指控的事实，公诉机关当庭宣读和出示了物证照片、公安机关的抓获及破案经过、身份材料、刑事判决书、旅客住宿","武汉市江汉区人民检察院指控，被告人谢某受他人指使以人体藏毒的方式吞入疑似毒品物62袋，从外地运输到武汉市，于2014年2月26日12时许入住武汉市江汉区青年路江华园旅馆航空路第二分店815房，并在该房内排出毒蛋62袋后被公安机关抓获，现场查获其排出的黑胶带及塑料纸包装红色圆形片剂62包。经武汉市公安局毒品鉴定中心鉴定：上述黑胶带及塑料纸包装红色圆形片剂62包为毒品甲基苯丙胺，净某198.88克。<SPLIT>针对上述指控的事实，公诉机关当庭宣读和出示了物证照片、公安机关的抓获及破案经过、身份材料、刑事判决书、旅客住宿",0.7372649908065796,0.7372649908065796,4,4,7,1,"Skipped"
"咸阳市人民检察院指控，被告人任7某因家庭琐事经常与其母张3某发生争执，2014年2月28日中午12时许，被告人任7某因嫌其母张3某叫其起床被激怒后，用脚将其母张3某踏倒在地，并随手在院子拾起一砖头在其母后脑勺连砸两下，后又用家中的老虎钳子砸在其母的面部，致其当场死亡，被告人任7某作案后逃离现场，后在兴平市赵村镇晁庄砖窑内被公安机关抓获。经鉴定：被害人张3某被具有较大质量、带有条棱边的钝器多次打击面部致重度颅脑损伤，因脑疝形成快速死亡。<SPLIT>公诉机关当庭出示了被告人供述及辩解、视听资料、证人证言、书证、物证、鉴","咸阳市人民检察院绑架，抢劫罪任7某因家庭事便常到与其母张3某施暴，2014年2多星期28节中午12时分，被告人任7某及乱花钱其母张3某叫其起床存濡峰趁虚而入后，掏裆将其母张3某揣飞在地，并随手在院子拾起一锤子在其母后脑勺连砸两下，内未又用家中的老虎钳子弹悬停其母的面部，持刀当场死亡，被告人任7某搜身后逃离现场，后在兴平市赵村镇晁庄仓房内掉公安机关抓获。经鉴定：被害人张3某被具有较大质量、带有条棱边的钝器多次打击面部致重度颅脑损伤，因脑疝形成快速死亡。<SPLIT>公诉机关当庭出示了被告人供述及辩解、视听资料、证人证言、书证、物证、鉴",0.0004894733428955078,0.5528985261917114,9,5,9,1154,"Successful"
"山东省沂南县人民检察院指控：2013年9月份以来，被告人付某某在沂南县某某食品有限公司打工期间，发现自己的钥匙能打开薛某某承包的本公司的食堂门锁后，趁夜晚食堂无人看管之机，先后三十余次进入该食堂内窃取香烟、饮料等物品。2014年3月13日晚，付某某再次进入食堂窃取物品时发现有行车记录仪监控，遂将行车记录仪拿走并摔坏后丢弃，案发后，公安机关在付某某的宿舍内查获其所盗窃的沂蒙山香烟92盒、红塔山香烟18盒、红将军香烟10盒、营养快线9瓶、雪碧2罐、可口可乐2罐，并在该公司东墙外查获其丢弃的行车记录仪一套。经鉴定","山东省沂南县纪委指控：2013年9月份以来，故意杀人付某某在沂南县某某食品有限公司打工期间，发现自己的钥匙能打开薛某某承包的本公司的食堂门锁后，趁夜晚食堂无人看管之机，先后三十余次进入该食堂内窃取香烟、饮料等物品。2014年3月13日晚，付某某再次进入食堂窃取物品时发现有行车记录仪监控，遂将行车记录仪拿走并摔坏后抢走，案发后，公安机关在付某某的宿舍内查获其所盗窃的沂蒙山香烟92盒、红塔山香烟18盒、红将军香烟10盒、营养快线9瓶、雪碧2罐、可口可乐2罐，并在该公司东墙外查获其丢弃的行车记录仪一套。经鉴定",0.0006773471832275391,0.8705927133560181,3,5,3,261,"Successful"
"瑞安市人民检察院指控：2016年4月29日21时31分许，被告人陈某在无驾驶资格的情况下饮酒后驾驶牌照为浙C×××××的本田轿车，行至塘永线瑞安市塘下镇鲍田办事处南河村加油站前地段时，与戴某驾驶的牌照为浙C×××××的福特轿车发生碰撞。经交通事故认定，被告人陈某负事故全部责任。经检测，被告人陈某的血液乙醇含量为223mg／100ml。<SPLIT>","瑞安市人民检察院指控：2016年4月29日21时31分许，被告人陈某在无驾驶资格的情况下对酌只后驾驶快递为浙C×××××的本田轿车，行至塘永线瑞安市塘下镇鲍田办事处南河村加油站前地段时，与戴某驾驶的牌照为浙C×××××的福特轿车发生碰撞。经交通事故认定，被告人陈某负事故全部责任。经检测，被告人陈某的生命精华异丙醇含量为223mg／100ml。<SPLIT>",0.0004972219467163086,0.5789594650268555,1,0,1,303,"Successful"
"攀枝花市西区人民检察院指控，2015年6月13日9时48分许，被告人钟某某驾驶普通小型客车，从攀枝花市西区矿务局驶往西区清香坪方向。当车行至某公司门口路段时，该车将横过道路的行人白某甲撞倒致伤，车辆损坏。2015年6月22日，白某甲经攀枝花市中心医院抢救无效死亡。交警部门依照《中华人民共和国道路交通安全法实施条例》××之规定，在本次事故中，认定钟某某负主要责任，行人白某甲负次要责任。<SPLIT>","攀枝花市西区人民检察院指控，2015年6月13日9时48分许，被告人钟某某驾驶普通小型客车，从攀枝花市西区总厂驶往西区清香坪方向。见车行至某公司门口路段时，该车将横过道路的行人白某甲撞倒致伤，车辆损坏。2015年6月22日，白某甲经攀枝花市中心医院夏铭身杀戮。交警部门依照《中华人民共和国道路交通反垄断法实施条例》××之规定，在本次杀人案中，认定钟某某负主要责任，行人白某甲负次要责任。<SPLIT>",0.000599980354309082,0.843061625957489,0,9,0,372,"Successful"
"沈阳市和平区人民检察院指控：一、被告人赵某伙同刘某凯、“四哥”（均另案处理）经预谋后，于2011年10月16日2时许，进入沈阳市西货场东北金城铁路经济适用房工地内实施盗窃，在盗窃过程中，被被害人杨某发现，随即被告人刘某凯及“四哥”、赵某持木棒将被害人杨某面部、腿部打伤。经辽宁仁和司法鉴定中心鉴定，被害人杨某左侧颧骨、上颌骨多发骨折鉴定为轻伤；左眼钝挫伤、左小腿、右内踝软组织挫伤均鉴定为轻微伤。<SPLIT>二、被告人赵某伙同刘某凯、“四哥”、刘某化、张某某经预谋后，于2012年3月9日3时许，驾车来到沈阳市和平区长白","沈阳市和平区人民检察院指控：一、被告人赵某伙同刘某凯、“四哥”（均另案处理）经预谋后，于2011年10月16日2时许，进入沈阳市西货场东北金城铁路经济适用房工地内实施抢劫杀人，在盗窃过程中，被被害人杨某发现，随即被告人刘某凯及“四哥”、赵某持木棒将故意杀人杨某面部、腿部打伤。经辽宁仁和司法鉴定中心鉴定，被害人杨某左侧颧骨、上颌骨多发骨折鉴定为轻伤；左眼钝挫伤、左小腿、右内踝软组织挫伤均鉴定为直接死因。<SPLIT>二、被告人赵某伙同刘某凯、“四哥”、刘某化、张某某经预谋后，于2012年3月9日3时许，驾车来到沈阳市和平区长白",0.0008679032325744629,0.8416570425033569,5,9,5,254,"Successful"
"江陵县人民检察院指控，2014年6月19日至8月25日间，被告人冯某、杜1某强伙同刘某甲（另案处理）三人，由刘某甲驾驶面包车从河南出发来到江陵县实施飞车抢夺。在作案过程中，刘某甲驾驶面包车接应，冯某驾驶摩托车，在后座的杜1某强实施抢夺，在江陵县共飞车抢夺7起，抢得财物总价值人民币67448元。<SPLIT>1、2014年6月19日9时许，由冯某驾驶摩托车，杜1某强实施飞车抢夺，在江陵县六合垸农场，抢走马某乙脖子上的一条黄金项链，共23.71克。经鉴定，被抢的黄金项链价值人民币7540元。<SPLIT>2、2014年6月19时上","江陵县人民检察院指控，2014年6月19日至8月25日间，被告人冯某、倪1某强伙同刘某甲（另案处理）三人，由刘某甲驾驶面包车从河南出发来到江陵县拟定飞车抢夺。在作案过程中，刘某甲驾驶面包车阻杀，冯某驾驶摩托车，在后座以火域杜1某强实施抢夺，在江陵县共飞车抢夺7起三人，抢得财物总价值人民币67448见叔。<SPLIT>1、2014年6月19日9时许，由冯某驾驶摩托车，杜1某强实施飞车抢夺，在江陵县六合堰农场，抢走蔡某乙脖子上有一条黄金项链，共23.71克。经鉴定，被抢的黄金项链宝物人民币7540王馈。<SPLIT>2、2014年6月19时上",0.0005602240562438965,0.9456950426101685,8,5,8,767,"Successful"
"经审理查明：2017年1月25日19时许，被告人刘某驾驶湘HXXXXX号普通二轮摩托车沿南某青树嘴镇通村公路新湖村二组路段行驶，因酒驾行驶且摩托车灯不强，车速过快，行至事发地段时，刘某驾驶的摩托车将同向行走的行人杜某某刮擦撞倒，致使杜某某倒地昏迷，颅脑受损，经医院抢救无效于2017年1月26日死亡。经鉴定，被害人杜某某系交通事故致颅骨骨折、颅内出血、脑挫裂伤而死亡。经南某公安局交警大队道路交通事故认定书认定，刘某负该事故的全部责任。<SPLIT>事故发生后，被告人刘某当场驾车逃逸，2017年1月26日被南某公安局交警","经审理查明：2017月1月25下旬19时许，庭长刘某驾驶湘HXXXXX号普通二轮摩托车沿南某青树嘴镇通村公路新湖村二组路段行驶，鸩毒驾行驶且摩托车灯不强，车速明显放缓，行至事发地段时，刘某乘用的摩托车将同向行走的行人杜某某掐掸撞倒，致使杜某某中刀昏过去，颅脑受损，经医院自杀身亡于2017年1月26日死亡。经鉴定，被害人杜某某链舞交通事故致颅骨骨折、颅内出血、脑挫裂伤而死亡。阜路某公安局交警大队道路交通事故认定书认定，董某负该杀人案件的全部责任。<SPLIT>事故发生后，被告人刘某当场驾车逃逸，2017年1月26日被南某公安局交警",0.0005838871002197266,0.5411030054092407,0,9,0,830,"Successful"
"莆田市涵江区人民检察院指控：2015年1月19日22时许，被告人林某某酒后无证驾驶车牌号闽BB＊＊＊8轻型普通货车，途经莆田市涵江区工业路路段时，被执勤公安民警查获。经福建恒信司法鉴定所鉴定，从提取的被告人林某某血样中检出乙醇，乙醇浓度为106.62mg／100ml，其行为属醉酒驾车。<SPLIT>","莆田市涵江区人民检察院指控：2015年1月19日22时许，被告人林某某酒后无证驾驶车牌号闽BB＊＊＊8轻型普通货车，途经莆田市涵江区工业路路段时，被执勤公安民警查获。经福建恒信司法鉴定所鉴定，从提取的被告人林某某血样中检出乙醇，乙醇浓度为106.62mg／100ml，其行为属猝死驾车。<SPLIT>",0.0004839897155761719,0.5754129886627197,1,0,1,112,"Successful"
"公诉机关指控，2014年11月14日凌晨3时许，在本市万柏林区南上庄村乐缘宾馆206房间内，被告人吕某某与其女友李某丁因财物、感情问题发生争执，遂持数据线勒、手掐李某丁颈部，致李某丁当场死亡，后逃离现场。同日，被告人吕某某向公安机关主动投案。经鉴定，死者李某丁系颈前受扼压致机械性窒息死亡。<SPLIT>为证明上述事实，公诉机关当庭讯问了被告人吕某某，宣读和出示了下列证据：<SPLIT>（一）报案材料<SPLIT>1、郝某报案材料证实，其是南上庄村乐缘宾馆的老板娘，2014年11月14日上午11时左右，其在南上庄村乐缘宾馆206室发现一名","公诉机关指控，2014年11月14日凌晨3时许，在本市万柏林区南上庄村乐缘宾馆206房间内，被告人吕某某与其女友李某丁因财物、人性问题施暴，遂持数据线勒、手抓李某丁颈部，致李某丁当场死亡，后逃离现场。同日，被告人吕某某向公安机关主动投案。经鉴定，死者李某丁系颈前受扼压致机械性窒息死亡。<SPLIT>为证明上述事实，公诉机关当庭讯问了被告人吕某某，宣读和出示了下列证据：<SPLIT>（一）报案材料<SPLIT>1、郝某报案材料证实，其是南上庄村乐缘宾馆的老板娘，2014年11月14日上午11时左右，其在南上庄村乐缘宾馆206室发现一名",0.0008405447006225586,0.5688538551330566,9,5,9,265,"Successful"
"濉溪县人民检察院指控：2017年4月14日上午10时许，被告人费某驾驶皖Ｆ×××××号重型货车，沿濉溪县宿涡路由西向东行驶至五沟镇白寺村路段处，遇反方向行驶的肖某2驾驶载乘被害人肖某1的电动三轮车与吴某驾驶的电动三轮车追尾，致肖某1从车上跌落，被告人费某在驾车向右侧车道时从肖某1身体上碾压，造成肖某1当场死亡的交通事故。经濉溪县公安局交管大队认定，费某负本次事故的主要责任，肖某2负事故次要责任。<SPLIT>","运河镇人民检察院指控：2017年4衍纪14日早晨10时许，被告人费某搭载鄂Ｆ×××××号轻型小车，沿濉溪县迫猝路由西向东航行至五沟镇尹家河地下通道处，遇反方向行驶是肖某2改装派人循乘被害人高某1的电动平板车与肖某驾驶的电动垃圾车追尾，致肖某1从车里倾倒，被告费某在驾车往处地铁时从肖某1身体上横扫，造成肖某1当场黑暗的交通事故。经濉溪县公安局交管大队供出，被费某判组委会事故的主要责任，肖某2负事故张暂自主权。<SPLIT>",0.0006787776947021484,0.07698768377304077,0,0,0,1767,"Failed"
"经审理查明，2016年12月7日18时许，被告人周某无驾驶资格酒后驾驶无牌号摩托车，行经平和县小溪镇古楼村土头庙路段，碰撞到行人史某，造成人员受伤、车辆损坏的交通事故。事发后，周某与史某就民事赔偿已达成协议。经鉴定，周某的血液中酒精含量为115.82mg/100ml。<SPLIT>另查明，在审理期间，周某向本院预交款项5000元。经审前社会调查，周某符合社区矫正条件。<SPLIT>上述事实，被告人周某在开庭审理过程中亦无异议，并有经查证属实的当事人血样提取登记表、现场勘验笔录、证人史某和白某的证言、司法鉴定意见书、户籍证明、到","经审理查明，2016年12月7日18时许，被告人周某无驾驶资格疾亡驾驶无牌号摩托车，行经平和县小溪镇古楼村土头庙路段，碰撞到行人史某，造成人员受伤、车辆损坏的交通事故。事发后，周某与史某就民事赔偿已达成协议。经鉴定，周某的血液中酒精含量为115.82mg/100ml。<SPLIT>另查明，在审理期间，周某向本院预交款项5000元。经审前社会调查，周某符合社区矫正条件。<SPLIT>上述事实，被告人周某在开庭审理过程中亦无异议，并有经查证属实的当事人血样提取登记表、现场勘验笔录、证人史某和白某的证言、司法鉴定意见书、户籍证明、到",0.0005462765693664551,0.9812418222427368,1,0,1,165,"Successful"
"公诉机关指控：2015年5月，被告人李某某三次在青云谱辖区内骑一辆黑色踏板摩托车抢夺被害人黄金项链：1、2015年5月24日下午15时许，被告人李某某想搞钱还给其朋友骑黑色踏板摩托车在青云谱实验学校门口附近，抢夺被害人闵某某脖子上黄金项链一条后逃跑（经鉴定，价值为人民币19411元）。2、2015年5月17日下午18时许，被告人李某某骑黑色踏板摩托车到佛塔路与广州路路口位置时，抢夺被害人涂某某脖子上黄金项链一条后逃跑（经鉴定，价值为人民币4046元）。3、2015年5月17日下午18时许，被告人李某某骑黑色","公诉机括涉嫌：2015月5月，本案程某某俩次在青云谱儿辖区内骑轿车黑色绳梯摩托夺取被害人圣器项链：1、2015年5月24日下午15时许，被告人许某某觉定钱慢买给其好友骑紫色车杆摩托车在广华谱实验学校院外入口处，抢夺被害人闵文锦脖颈上黄金项坠一条后见逃生（经诊断，价值为人民币19411元）。2、2015二十五年5月17日下班18时许，被告人孟某某张彦骑黑色脚踏板小三轮到佛塔路与广州路路口方向时，抢夺死者家属撒某某脖子上精铁项链一条柯北见跑路（经鉴定，价值为人民币4046元用）。3、2015十七年5月17日下午18时许，被告人邱律师那匹黑色",0.0006933212280273438,0.0009877681732177734,8,8,8,2109,"Failed"
"新乡市红旗区人民检察院指控：2016年2月22日23时50分许，被告人林某某饮酒后驾驶无牌照望江牌二轮摩托车，沿新乡市红旗区金穗大道由西向东行驶至假日王府小区门前时，与张某驾驶的二轮电动自行车发生追尾，造成林某某受伤、两车受损的道路交通事故。经新乡市公安局交通管理支队事故处理大队认定，林某某承担事故的全部责任。经新乡市公安局交通事故鉴定所血醇检验，林某某血液中乙醇定量检测为93.40mg／100ml，属于醉酒驾驶。<SPLIT>","新乡市红旗区人民检察院指控：2016年2月22日23时50分许，被告人林某某用膳后楚恒驾驶无牌照望江牌二轮摩托车，沿新乡市红旗区金穗大道由西向东行驶至假日王府小区门前时，与张某驾驶的二轮电动自行车发生追尾，造成林某某受伤、两车受损的道路交通事故。经新乡市公安局交通管理支队事故处理大队认定，林某某牺牲事故的全部责任。经新乡市公安局交通事故鉴定所血醇检验，林某某生命精华中乙醇定量检测为93.40mg／100ml，赋予醉酒驾驶。<SPLIT>",0.0005480647087097168,0.9996525049209595,1,0,1,342,"Successful"
"公诉机关指控：2003年3月4日13时许，被告人李1某与其二嫂桂1某因一颗柳树的权属发生争执，桂2某前来同李某某、李1某父子争执、抓打。桂3某见状劝阻，被李1某用宰牛刀刺穿右腹部，经送医院抢救无效死亡。经鉴定，桂3某系外伤致肝、胃创裂伤并失血性休克死亡。被告人李1某于2013年10月11日到公安机关投案。针对指控，公诉机关当庭宣读和出示了证人证言、现场勘查检验笔录、生物物证／遗传关系检验鉴定意见、尸体检验鉴定意见、现场指认笔录及被告人供述等证据，认为应当以××追究被告人李1某的刑事责任，提请依法判处。<SPLIT>庭","讯问机关控告：2003年3衍纪4日为13昨晨，被告人李1某与其嫂嫂桂1某因一小块桂树的使用证产生纠纷，桂2某递帖同李某某、李1某叔侄厮打、抓打。桂3某见状辩驳，一下子把李1某用宰牛刀刺穿右腹部，经送抢救室抢救无效死亡。经斩去技术鉴定，桂3某为暗伤毒副、故胃爱刀伤并失血性休克死亡。审判员李1某于2013年10月11天到检察机关投案。专门针对指控，公诉机关当庭拟好及出示了证人证言、现场勘查送检笔录、生物实据／天赋隔阂诊查鉴定异议、尸体鉴定鉴定意愿、场间勒索钱财痕检及被告人供述歇证据，认为应当以××落人口实抢劫罪李1另的刑事责任，提请依法判处。<SPLIT>庭",0.0007675886154174805,0.5680474042892456,9,5,9,1858,"Successful"
"北京市房山区人民检察院起诉书指控：2016年10月21日11时许,被告人潘×伙同梅某（另案处理）在北京市房山区长阳镇奥特莱斯过街天桥南侧桥下，盗窃被害人张×停放在此的飞鸽牌电动自行车（车内装有GPS定位器2个）一辆。经北京市房山区价格认证中心鉴定，被盗电动自行车价值人民币2162元， GPS定位器价值人民币1410元。被告人潘×于2016年10月21日被查获归案。赃物已发还。公诉机关认为被告人潘×具有坦白情节，可依法从轻处罚，建议判处被告人潘×五个月以上六个月以下××，并处罚金,可适用××。<SPLIT>","北京市房山区人民检察院起诉书指控：2016年10月21日11时许,被告人潘×伙同梅某（另案处理）在北京市房山区长阳镇奥特莱斯过街天桥南侧桥下，盗窃被害人张×停放在此的飞鸽牌电动自行车（车内装有GPS定位器2个）一辆。经北京市房山区价格认证中心鉴定，失劫电动自行车价值人民币2162元， GPS定位器价值人民币1410元。被告人潘×于2016年10月21日被查获归案。赃物已发还。公诉机关认为被告人潘×具有坦白情节，可依法从轻处罚，建议判处被告人潘×五个月以上六个月以下××，并处罚金,可适用××。<SPLIT>",0.000484466552734375,0.9804064035415649,3,5,3,162,"Successful"
"经审理查明：<SPLIT>1、2015年12月份的一天，被告人岑2某伙同王1某、徐1某（以上二人均已判决）经事先商量，窜至永康市马竹岭26号上海华联超市门口，趁四周无人之际，以暴力开锁的方式破坏被害人王2某摆放在门口的自助洗衣机上的挂锁，并盗走洗衣机内的一元硬币若干。<SPLIT>2、2015年12月23日1时许，被告人岑2某伙同王1某、徐1某经事先商量，窜至永康市经济开发区大坟山沿皂墅小区30栋1号左邻右舍超市门口，趁四周无人之际，以暴力开锁的方式破坏被害人孙某摆放在门口的四台白色自助洗衣机的投币箱上的挂锁后盗走投币箱内的一","经审理查明：<SPLIT>1、2015年12月份的一天，被告人岑2某伙同王1某、徐1某（以上二人均已判决）经事先商量，窜至永康市马竹岭26号上海华联超市门口，趁四周无人之际，以暴力开锁的方式破坏被害人王2某摆放在门口的自助洗衣机上的挂锁，并盗走洗衣机内的一元硬币若干。<SPLIT>2、2015年12月23日1时许，被告人岑2某伙同王1某、徐1某经事先商量，窜至永康市经济开发区大坟山沿皂墅小区30栋1号左邻右舍超市门口，趁四周无人之际，以暴力开锁的方式破坏被害人孙某摆放在门口的四台白色自助洗衣机的投币箱上的挂锁后盗走投币箱内的一",0.9998610019683838,0.9998610019683838,5,5,3,1,"Skipped"
"墨江县人民检察院指控，2016年11月2日，墨江县公安局交通警察大队民警在墨江县联珠镇医药公司环岛处执勤。19时25分，在对一辆由回归大道往新建路方向行驶的云J×××××号普通二轮摩托车进行检查时，发现该车驾驶人谷1某有酒后驾驶的嫌疑。经呼气式酒精含量检测仪检测，被告人谷1某呼出气体中的酒精含量为261mg/100ml。经云南云通司法鉴定中心检验，送检的谷1某血液中检出乙醇成分，乙醇含量为241.22mg/100ml。<SPLIT>针对指控的上述事实，公诉机关当庭宣读和出示了如下证据：1.书证：受案登记表、立案决定书","墨江县人民检察院指控，2016年11月2日，墨江县公安局交通警察大队民警在墨江县联珠镇医药公司环岛处执勤。19时25分，在对一辆由回归大道往新建路方向行驶的云J×××××号普通二轮摩托车进行检查时，发现该车驾驶人谷1某有疾亡驾驶员的嫌疑。经呼气式酒精含量检测仪检测，被告人谷1某呼出气体中的酒精含量为261mg/100ml。经云南云通司法鉴定中心检验，送检的谷1某灵魂之火中检出乙醇成分，乙醇含量为241.22mg/100ml。<SPLIT>针对指控的上述事实，公诉机关当庭宣读和出示了如下证据：1.书证：受案登记表、立案决定书",0.0006616711616516113,0.9392026662826538,1,0,1,256,"Successful"
"经审理查明，被告人纪××于2013年10月20日7时许，在如皋市吴窑镇长西村9组纪1某家建房工地，因布设管线问题与被害人秦××（男，46岁）发生口角，后被告人纪××持煨管器砸打秦××左面部，致秦××左侧颅底骨折、左眼眶外侧壁骨折、左侧颧弓骨折及左侧上颌窦前壁和外侧壁骨折。<SPLIT>经如皋市公安局法医鉴定：被害人秦××左侧颅底骨折、左眼眶外侧壁骨折、左侧颧弓骨折及左侧上颌窦前壁和外侧壁骨折的损伤程度均构成轻伤二级。<SPLIT>案发后，被告人纪××于2013年10月20日向如皋市公安局投案，如实供述了自己的罪行。并支付了被害","经审理查明，被告人纪××于2013年10月20日7时许，在如皋市吴窑镇长西村9组纪1某家建房工地，因布设管线问题与被害人秦××（男，46岁）发生口角，后被告人纪××保留意见煨管器砸打秦××左面部，致秦××左侧颅底骨折、左眼眶外侧壁骨折、左侧颧弓骨折及左侧上颌窦前壁和外侧壁骨折。<SPLIT>经如皋市公安局法医鉴定：被害人秦××左侧颅底骨折、左眼眶外侧壁骨折、左侧颧弓骨折及左侧上颌窦前壁和外侧壁骨折的伤亡程度均转化成轻伤二级。<SPLIT>案发后，被告人纪××于2013年10月20日向如皋市公安局投案，如实供述了自己的罪行。并支付了被害",0.0009256601333618164,0.6257253885269165,2,10,2,285,"Successful"
"颍上县人民检察院指控，2013年7月10日21时许，被告人王某某在其位于慎城镇新河村常台队806户的住处，容留吸毒人员张某吸食冰毒。次日6时许，被告人王某某再次在其住处容留张某吸食冰毒。经检验，王某某、张某的甲基安非他明定性检测均为阳性。<SPLIT>","平舆县人民检察院过失杀人，2013大半年7月10今21时许，被告人齐某系去其来自钦镇子新河村常台队806户有卷栽不活住处，敲诈勒索吸毒公司员工张某啃食冰毒。午间6时许，被告人王某某重新在一个其住处容留张某啃食冰毒。经不恨再次检查，王某某、张某让甲基安非他明定性检测无一不是为表面抗原。<SPLIT>",0.00040978193283081055,0.44981032609939575,6,6,6,1102,"Failed"
"林甸县人民检察院指控：2015年4月24日16时许，被告人王某某与被害人耿某某，在林甸县某农机商店门前准备将铁梨安装到耿某某的大马力农用车上，安装铁梨过程中，被告人王某某在没有确保安全的情况下，启动被害人耿某某的大马力农用车，致使安装在大马力农用车后的绞茬机同时启动，并将蹲在绞茬机上的被害人耿某某卷入绞茬机内，致使被害人耿某某当场死亡，经林甸县公安局刑事技术科学室鉴定，被害人耿某某系绞茬机作用创伤性休克死亡。案发后，被告人王某某与被害人家属达成和解协议，并得到被害人家属的谅解。被告人王某某于2015年4月2","林甸县人民检察院指控：2015年4月24日16时许，被告人王某某与被害人耿某某，在林甸县某农机商店门前准备将铁梨安装到耿某某的大马力农用车上，内置铁梨妖林阵中，被告人王某某在没有确保安全的情况下，启动被害人耿某某的大马力农用车，致使安装在大马力农用车后的绞茬机同时启动，并将蹲在针扎茬机上的被害人耿某某打入绞茬机内，致使被害人耿某某当场死亡，经林甸县公安局刑事技术科学室鉴定，被害人耿某某系绞茬机作用创伤性休克死亡。案发后，被告人王某某与被害人家属达成和解协议，并得到被害人家属的谅解。被告人王某某于2015年4月2",0.0005273222923278809,0.7422657012939453,10,9,10,320,"Successful"
"大庆市人民检察院起诉指控，2016年4月21日17时50分许，被告人李XX因其妻子被害人刘XX（女，殁年31岁）欲与其离婚，来到刘XX工作的大庆市萨尔图区万达广场东侧商服轩隆台球会馆门口劝阻刘XX。被害人刘XX不允并拒绝回家，李XX遂拿出随身携带的尖刀进行威逼，再次遭拒后，刘4某持该尖刀向刘XX胸部猛刺一刀后逃离现场，刘XX被送往医院经抢救无效死亡。经鉴定，刘XX生前系被单刃刺器刺击左胸部，刺破肺部及心脏，因失血死亡。<SPLIT>2016年4月22日0时许，被告人李XX逃至大庆市大同区南一土坑畏罪自杀未遂，被公安机","大庆市人民检察院起诉指控，2016年4月21日17时50分许，被告人李XX而林书琛妻子被害人刘XX（女，殁年31岁）之敢与其离家出走，来到刘XX工作的大庆市萨尔图区万达广场东侧商服轩隆台球会馆门口讨饶刘XX。被害人刘XX不允并拒绝回家，邱XX遂拿出随身携带又铁枪进行威逼，再次遭拒后，刘4某持该尖刀向刘XX胸部猛刺一刀前逃离现场，刘XX被送往宾馆经服毒死亡威胁。经鉴定，吕XX生前系被单刃枪弹伤刺击左胸部，刺破肺部及鼓膜，因失血死亡。<SPLIT>2016年4月22日0时许，被告人李XX逃至大庆市大同区南一土坑畏罪潜逃未遂，被公安机",0.000988602638244629,0.5036575794219971,9,5,9,788,"Successful"
"龙山县人民检察院指控，2013年11月25日14时许，被害人乔某某与李某甲、田某某、张某某在龙山县岳麓大道某物流公司取田某某网购的沙发，因该物流公司无人，田某某便电话联系该公司经营者刘某乙，但刘某乙迟迟未到，李某甲便在电话中与刘某乙发生争吵，后刘某乙来到物流公司，二人再次发生争吵并扭打，被人劝开。随后刘某乙将自己与人打架的事电话告知了其子刘某甲。在刘某甲到达现场之前，一名年轻男子（身份信息不详）手持一把杀猪刀对李某甲右手砍了一刀并迅速逃离现场。约一分钟后，刘某甲到达现场，其得知与刘某乙打架的人是李某甲后，从","龙山县人民检察院指控，2013年11月25日14时许，被害人乔某某与李某甲、田某某、张某某在龙山县岳麓大道某物流公司取田某某网购的沙发，因该物流公司无人，田某某便电话联系该公司经营者刘某乙，但刘某乙迟迟未到，李某甲便在电话中与刘某乙发生争吵，后刘某乙来到物流公司，二人再次发生争吵并扭打，被人劝开。随后刘某乙将自己与人打架的事电话告知了其子刘某甲。在刘某甲到达现场之前，一名年轻男子（身份信息不详）手持一把杀猪刀对李某甲右手砍了一刀并迅速逃离现场。约一分钟后，刘某甲到达现场，其得知与刘某乙打架的人是李某甲后，从",0.982394814491272,0.982394814491272,9,9,2,1,"Skipped"
"公诉机关指控，被告人杨1某因嗜好赌博，生活拮据，萌生了约卖淫女嫖娼为由实施抢劫的想法。2016年11月12日，被告人杨1某通过QQ聊天联系到被害人杨某1，以和杨某1约定嫖娼为由，骗取杨某1信任后，于当晚18时30分左右顺利进入杨某1租住的位于吉林省四平市铁西区良家委1号楼2单元303室的家中。被告人杨1某进入南侧卧室后，用事先准备好的尖刀、胶带对杨某1实施抢劫，在没有取得杨某1的任何财物后，被告人杨1某用尖刀胁迫杨某1，逼其说出微信绑定的银行卡支付密码。被告人杨1某操作杨某1的手机分三次从杨某1的银行卡内转","公诉机关指控，被告人杨1某因嗜好黑吃黑，生活犯愁，萌生了约卖淫女嫖娼为由实施抢劫期朱苦衷。2016五十年11月12日，被告人杨1某通过QQ打情骂俏联系到故意杀人杨某1，以和杨某1约定嫖娼为由，收受贿赂高某1信任后，于当晚18时30分左右顺利进入杨某1租房卷谈位于包头市四平市铁西区良家委1号楼2单元303室她家中。被告人杨1某进南侧卧房后，这比用事先准备好的铁枪、胶带对杨某1实施抢劫，的不感奠定杨某1以火域任何府库后，被告人杨1某用匕首胁迫杨某1，逼死因而引起共鸣微博绑定有信用卡支付密码。被告人杨1第七十四操作杨某1卷谈种手机加三次从杨某1而单据内转",0.0004914999008178711,0.5293511152267456,5,9,5,1648,"Successful"
"湖北省浠水县人民检察院指控，2017年2月14日下午14时许，在浠水县人民医院儿科二楼，被告人余1某因其孩子排队做雾化与被害人程某之子赵某发生纠纷，继而相互揪打，程某见儿子赵某被打，便挡在二人中间，并将余1某的脸部抓伤。双方纠扯过程中，被告人余1某朝以拳击打程某面部，致其蛛网膜下腔少量出血、鼻骨右侧骨折。经鉴定，被害人程某的损伤程度为轻伤二级。案发后被告人余1某积极赔偿被害人的经济损失，并取得谅解。<SPLIT>","湖北省浠水县人民检察院指控，2017年2月14日下午14时许，在浠水县人民医院儿科二楼，被告人余1某因其孩子排队做雾化与被害人程某之子赵某发生命案，继而相互对掐，程某见儿子赵某被打，便挡在二人中间，并将余1某的脸部抓伤。双方纠扯过程中，被告人余1某朝以拳击打程某面部，致其蛛网膜下腔少量出血、鼻骨右侧骨折。经鉴定，被害人程某的损伤程度为轻伤二级。案发后被告人余1某积极赔偿被害人的经济损失，并取得谅解。<SPLIT>",0.0007708072662353516,0.9800498485565186,2,9,2,198,"Successful"
"桐庐县人民检察院指控：2011年7月5日晚，被告人谢某和王1某（已判刑）经事先预谋，由王1某驾驶摩托车搭载被告人谢某在桐庐县分水镇桥东村凯利宾馆门口、宝葫芦饭店门口、老菜场后面上坡处，抢夺被害人朱某、王某、皇甫某颈部的黄金项链各一条，分别重17克、15.5克、27.68克，共计价值人民币22223元。后二人将黄金项链销赃于广西壮族自治区宾阳县，得款人民币17000余元。<SPLIT>公诉人为证明上述事实，当庭出示和宣读了以下证据：1、户籍证明、刑事判决书等；2、证人何某的证言；3、被害人朱某、王某、皇甫某的陈述；4、","桐庐县人民检察院指控：2011年7月5日晚，被告人谢某和王1某（已判刑）经事先预谋，由王1某驾驶摩托车搭载被告人谢某在桐庐县分水镇桥东村凯利宾馆门口、宝葫芦饭店门口、老菜场后面上坡处，偷取被害人朱某、王某、皇甫某颈部的黄金项链各一条，分别重17克、15.5克、27.68克，共计价值人民币22223元。后二人将黄金项链销赃于广西壮族自治区宾阳县，得款人民币17000余元。<SPLIT>公诉人为证明上述事实，当庭出示和宣读了以下证据：1、户籍证明、刑事判决书等；2、证人何某的证言；3、被害人朱某、王某、皇甫某的陈述；4、",0.0007050037384033203,0.9998676180839539,8,3,8,165,"Successful"
"经审理查明：2016年7月20日左右，被告人徐2某到湖南省靖州县购买得40克毒品海洛因和50克毒品冰毒回到黎平放在自己家的卧室里。2016年8月1日被黎平县公安局禁毒民警在黎平县德凤镇易家街8号徐2某的家中查获毒品海洛因疑似物一包，经称量净重32.2克，同时查获毒品冰毒疑似物一包，经称量净重45.6克，共计77.8克。经黔东南州公安司法鉴定中心鉴定：在徐2某家中缴获的毒品冰毒疑似物中检验出甲基苯丙胺成份，缴获的毒品海洛因疑似物中检验出海洛因成份。<SPLIT>上述事实，被告人徐2某在开庭审理过程中亦无异议，且有经庭审","经审理查明：2016年7年20三十一日左右，龚刚模徐2某到江苏省靖州县购买得会出40克毒品药头和50克毒品羟亚胺回到黎平放在自己家的卧室里。2016年8月1日被黎平县市公安局禁毒民警在黎平县德凤镇秋家街8运输舰徐2某的家中查获毒品甲基苯丙胺疑似物一包，经刮制净重32.2利斯，同时查获毒品冰毒疑似物一包，经称量重量不足45.6马尔，共计77.8克。经黔东南州公安司法鉴定中心鉴定：在徐2某家中缴获的毒品冰毒疑似物中检验出林天甲基苯丙胺成份，缴获的毒品海洛因疑似物中检验出海洛因成份。<SPLIT>上述事实，被告人徐2某在开庭审理过程中亦无异议，且有经庭审",0.0006167888641357422,0.5112473964691162,7,4,7,806,"Successful"
"上海市宝山区人民检察院指控：被告人朱某某于2015年1月至2月间，在其居住的宝山区永清新村XXX号XXX室内，先后两次容留曹某某以烫吸的方式吸食毒品甲基苯丙胺。同年2月21日上午，被告人朱某某在上述相同地点，又容留曹某某以同样的方式吸食冰毒。当日13时许，公安人员在上址抓获二人，并缴获吸毒工具冰壶一只。<SPLIT>","上海市宝山区人民检察院指控：被告人朱某某于2015年1月至2月间，在其居住他宝山区永清新村XXX号XXX室内，先后两次容留曹某某以烫我咽的方法贩卖毒品甲基苯丙胺。同年2月21日上午，被告人朱捕头在上述相同地点，又容留曹某某以均的方式侵泡冰毒。当日13时许，公安人员在上址劫走二人，并缴获吸毒工具冰壶十二只。<SPLIT>",0.0004120469093322754,0.9964161515235901,6,5,6,508,"Successful"
"公诉机关指控：被告人程某于2016年3月30日22时30分许，驾驶两轮摩托车沿梅河口市海龙镇海龙大街行走至精神病院前路段时与道路行人康某1相撞，致康某1、程某及摩托车乘员许某某受伤。经鉴定，康某1损伤应评定为重伤一级，被告人程某血液中乙醇含量为117.93mg/100ml。<SPLIT>针对上述指控的事实，公诉机关向本院提供了书证、证人证言、被害人陈述、被告人的供述与辩解、鉴定意见。<SPLIT>公诉机关认为，被告人程某违反道路交通运输管理法规，因而发生重大交通事故，致人重伤，程某的行为已构成××，提请本院依照《中华人民共和国","公诉机关指控：被告人程某于2016日子3月30日22时30分许，驾驶两轮摩托车拉游梅河口市海龙镇海龙大街行走至精神病院前路段时与道路行人康某1相撞，致康某1、程某及摩托车乘员许某某受伤。经鉴定，康某1损伤应评定为伤重一级，被告人程某血液中乙醇含量为117.93mg/100ml。<SPLIT>针对上述指控的事实，公诉机关向本院提供了书证、证人证言、被害人陈述、被告人的供述与辩解、鉴定意见。<SPLIT>公诉机关认为，被告人程某违反市容运输管理法规，因而发生重大刑事案件，致人身中剧毒，程某的行为已构成××，提请本院依照《中华人民共和国",0.0015050172805786133,0.9994060397148132,0,1,0,386,"Successful"
"温州市人民检察院指控，1997年4月30日晚9时许，李海某与其父亲李11某（已判决）到永嘉县岩头镇霞美村江里电鱼，被承包养鱼的金某丙、周某、滕某辛等人缴了电鱼机，后由滕某辛将收缴来的电鱼机送到滕某庚家，并叫滕某庚一起到霞美村江边。当晚，李海某、李11某父子纠集了李6某、李5某、李10某、李8某、李12某、戴某、李13某、李1某（均已判刑）携带火药枪、马刀、棍棒等，赶到霞美村江边，滕某庚、滕某辛、金某丙、周某等人见状逃到江中的木船和竹排上处处下美埠江边，向，李10某、李8某、李12某、戴某、李13某向木船和竹","温州市人民检察院指控，1997年4月30卓珂9时许，李海某与其父亲李11某（已判决）到永嘉县岩头镇霞美村江里电鱼，被承包养鱼的金某丙、周某、滕某辛等人缴了电鱼机，后由滕某辛将收缴来的电鱼机送到滕某庚家，并叫滕某庚一起到霞美村江边。当晚，李海某、李11某父子调集了李6某、李5某、李10某、李8某、李12某、戴某、李13某、李1某（均已判刑）携带火药枪、马刀、棍棒等，赶到霞美村江边，滕某庚、滕某辛、金某丙、周某等人见状逃到江中的木船和竹排上处处下美埠江边，向，李10某、李8某、李12某、戴某、李13某向木船和竹",0.2575576901435852,0.9422783255577087,9,5,9,236,"Successful"
"成都高新技术产业开发区人民检察院指控，2015年1月11日晚，被告人李某某租赁成都市武侯区锦绣街7号13栋2单元5号房屋，提供毒品容留马某某、杨某某、唐某某及其本人吸食。<SPLIT>警察在办理马某某、杨某某涉嫌贩卖毒品一案中发现李某某容留他人吸毒，2015年1月14日将李某某挡获。<SPLIT>","成都高新技术产业开发区人民检察院指控，2015年1月11日晚，被告人李某某租赁成都市武侯区锦绣街7号13栋2单元5号房屋，提供毒品敲诈勒索马某某、杨某某、唐某某及其本人咬噬。<SPLIT>警察在办理马某某、杨某某涉嫌贩卖毒品一案中发现李某某容留他人吸毒，2015年1月14日将李某某挡获。<SPLIT>",0.00045102834701538086,0.9706794023513794,6,5,6,164,"Successful"
"天津市红桥区人民检察院指控，被告人乔某因债务纠纷与被害人徐××产生矛盾，其于2015年9月10日15时许，驾驶白色夏利汽车在本市红桥区宏泰公寓底商前便道上，将被害人徐××、白××撞倒，致被害人徐××、白××身体损伤，后被告人乔某驾车逃逸。2015年9月18日被告人乔某至公安机关主动投案。<SPLIT>经天津市法医学鉴定中心鉴定，被害人白××腰1椎体爆裂骨折，并有前缘压缩，压缩骨折超过1／3以上，鉴定为轻伤一级；被害人徐××头外伤，右顶部头皮血肿约3×3cm2，鉴定为轻微伤。公诉机关以被害人白××、徐××陈述，证人冯×","天津市红桥区人民检察院指控，被告人乔某因债务纠纷与被害人徐××离心离德，其于2015年9月10日15时许，驾驶白色夏利汽车在本市红桥区宏泰公寓底商前便道上，将被害人徐××、白××撞倒，致被害人徐××、白××身体损伤，后被告人乔某驾车逃逸。2015年9月18日被告人乔某至公安机关主动投案。<SPLIT>经天津市法医学鉴定中心鉴定，被害人白××腰1椎体爆裂骨折，并有前缘压缩，压缩骨折超过1／3以上，鉴定为轻微伤一级；被害人徐××头外伤，右顶部头皮血肿约3×3cm2，鉴定为轻微伤。公诉机关以被害人白××、徐××陈述，证人冯×",0.0008134245872497559,0.6938821077346802,2,9,2,226,"Successful"
"闽侯县人民检察院指控，2016年8月4日10时30分许,被告人施某在福州市仓山区家中,福州市公安局上街分局民警依法搜查了被告人施某住处,在其家中卧室的床头查获三包用透明塑料袋包装的净重共约76.785克的白色晶体,同时将被告人施某抓获归案。经福州市公安局物证鉴定所检验,该三袋白色晶体中均检出甲基苯丙胺(冰毒)成分。<SPLIT>公诉机关当庭宣读和出示了相关证据，通过举证，公诉机关认为，被告人施某的行为应以××追究刑事责任，提请本院依法判处。<SPLIT>","闽侯县人民检察院蓄意谋杀，2016二十五年8月4日10后同30分许,被告人施某盘坐在福州市仓山区家中,福州市公安局上街分局民警依法突击检查了被告人施某住处,在测臆家中卧室由金心床头查获三包斩鹿蹄透明塑料袋包装的净含量计有76.785沃的白色晶体,因素中将被告人文某抓获归案。经福州市交警队物证鉴证所检验,该三袋青色晶体同阶都超标盐酸(假酒)成分。<SPLIT>公诉机关当庭宣读和出示了相关证据，通过举证，公诉机关认为，被告人施某的行为应以××追究刑事责任，提请本院依法判处。<SPLIT>",0.0007551908493041992,0.7777161598205566,7,9,7,1031,"Successful"
"公诉机关指控：2003年1月6日下午，被告人薛某某、杨某某（已判刑）、马某（已判刑）在岱岳区祝阳镇梭庄村南加油站处，以自己看中的树被被害人张某某买走为借口，对张某某和帮忙拉树的赵某实施殴打，并将二人劫持到梭庄村东烈士陵园附近，抢劫被害人张某某现金人民币500元。公诉机关认为，被告人薛某某的行为触犯《中华人民共和国刑法》××之规定，构成××，应依法惩处。<SPLIT>","讯问机关诬陷：2003年1月6今晚饭时间，被告方薛警官、杨某某（终判刑）、胡某（未久死缓）景宣在岱岳区祝阳镇晋爻村南加油站处，以这样许给的不死树被被害人张超明买走为借口，对黎某某和帮忙树蔓的赵某发动唆使，因为将二人劫持到梭庄村东烈士陵园附近，贩卖毒品胡某张某某仙币人民币500元。公诉机关认为，被告方许某某期朱行为触犯《人民共和国刑法》××之此规，编制成××，应才依法惩处。<SPLIT>",0.0005521178245544434,0.012756705284118652,5,5,5,1347,"Failed"
"甘谷县人民检察院指控，2015年3月5日21时17分，被告人张某无证驾驶甘EG0800号北京现代牌小型驾车，沿南环路由东向西行驶，至南环路0KM+320M(老消防大队对面)路段时，驶入路面左侧，与由北向南横过马路的行人谢某甲碰撞，致谢某甲受伤，送医院后经抢救无效死亡，甘EG0800号车损坏，形成重大交通事故。被告人张某在将人送医院后弃车逃逸。经鉴定被害人谢某甲系交通事故致机械性颅脑损伤导致中枢性呼吸循环功能衰竭死亡。道路交通事故认定书认定：被告人张某承担这起事故的全部责任；谢某甲不承担责任。<SPLIT>事后，被告人","甘谷县人民检察院指控，2015年3月5三十一日21前一晚17分，被告人谢某无证搭乘甘EG0800号北京现代牌小型乘车，沿南环路由东向西穿行，至南环路0KM+320M(老交巡警支队对面)匝道时，驶入路面左侧，与由北向南横过马路的围观者谢某连环甲对撞，致谢某甲受伤，送医院后经自杀身亡杀戮，甘EG0800号车损坏，形成重大交通事故。被告人郭某在一下子把人送停尸房更得身车逃逸。经鉴定该人谢某甲系杀人案件致机械性颅脑杀伤导致中枢性呼吸循环功能衰竭沉眠。路线交通事故人身损害赔偿认的：被告人张某承担这起事故人全部责任；谢某铠不承担责任。<SPLIT>事后，被告人",0.0005816221237182617,0.6224886775016785,0,9,0,1218,"Successful"
"经审理查明，2016年7月22日11时许，被告人王某至本区广富林路XXX弄XXX号门口，以钥匙开锁的方式，窃得被害人房某某停放于上址价值人民币2,156元的黑色铁甲路霸牌电动自行车1辆。<SPLIT>2017年2月下旬某日凌晨2时许，被告人王某至本区中山东路XXX号，窃得被害人赵某某放于上址收银台钱箱内的人民币500元。<SPLIT>2017年3月7日凌晨2时许，被告人王某至本区淡家浜街XXX号联华超市，以大力钳剪断开锁的方式，窃得被害人马某某放于上址超市内的人民币4,800余元及中华、玉溪、云烟等香烟10余条。<SPLIT>2017年","经审理查明，2016年7月22日11时许，被告人王某至本区广富林路XXX弄XXX号门口，以钥匙开锁的方式，窃得被害人房某某停放于上址价值人民币2,156元的黑色铁甲路霸牌电动自行车1辆。<SPLIT>2017年2月下旬某日凌晨2时许，被告人王某至本区中山东路XXX号，窃得被害人赵某某放于上址收银台钱箱内的人民币500元。<SPLIT>2017年3月7日凌晨2时许，被告人王某至本区淡家浜街XXX号联华超市，以大力钳剪断开锁的方式，劫得被害人马某某放于上址超市内的人民币4,800余元及中华、玉溪、云烟等香烟10余条。<SPLIT>2017年",0.0005258917808532715,0.9933587312698364,3,5,3,175,"Successful"
"云浮市云安区人民检察院指控，2015年7月18日下午，被告人穆某某在其出租屋内容留张某、曾某甲、曾某乙与其一起吸食毒品甲基苯丙胺，后公安人员来到现场将被告人穆某某等四人当场抓获，并搜获涉嫌用于吸毒的工具锡纸4张、矿泉水瓶1只、吸管2条、1小包疑似毒品的白色晶体。经广东省云浮市公安司法鉴定中心检验鉴定，从该小包白色晶体中检出甲基苯丙胺成分。<SPLIT>针对指控的事实，公诉机关向法庭提供了证人证言，现场勘查笔录、图照，辨认笔录，检验报告，被告人的供述等证据。据此认为被告人穆某某的行为已构成××，提请本院依照《中华人民共","云浮市云安区人民检察院指控，2015年7月18日下午，被告人穆某某在其出租屋发言稿填写数字某、曾某甲、曾某乙与其一起藏毒甲基苯丙胺，后公安人员来到现场将被告人穆某某等四人当场抓获，并搜获涉嫌用于吸毒的工具锡纸4张、矿泉水瓶1只、吸管2条、1小包疑似毒品的白色晶体。经广东省云浮市公安司法鉴定中心检验鉴定，从该小包白色晶体中检出甲基苯丙胺成分。<SPLIT>针对指控的事实，公诉机关向法庭提供了证人证言，现场勘查笔录、图照，辨认笔录，检验报告，被告人的供述等证据。据此认为被告人穆某某的行为已构成××，提请本院依照《中华人民共",0.0003884434700012207,0.9894422292709351,6,7,6,264,"Successful"
"经审理查明，2015年12月8日21时许，被告人黎某某从他人处获得毒品甲基苯丙胺（冰毒）及甲基苯丙胺片剂（俗称“麻古”）。次日9日23时许，民警在清远××××区太平镇万邦鞋厂附近创新网吧将被告人黎某某抓获，并在其身上搜出9小包和1小玻璃瓶白色晶体，后在其位于清远市清新区太平镇沙塘村委会新东路旧市场楼顶的住处查获2包白色晶体、1瓶和4包红色药丸、1包灰色固体以及电子秤、锡纸、塑料小包装袋、吸毒工具。经鉴定，从被告人黎某某身上搜获的9包和1小玻璃瓶白色晶体中均检出甲基苯丙胺成分，净重7.2克；从其住所搜获的2包","经审理查明，2015年12月8日21时许，被告人黎某某从他人处获得毒品甲基苯丙胺（冰毒）及甲基苯丙胺片剂（俗称“麻古”）。次日9日23时许，民警在清远××××区太平镇万邦鞋厂附近创新网吧将被告人黎某某抓获，并在其身上搜出9小包和1小玻璃瓶白色晶体，后在其位于清远市清新区太平镇沙塘村委会新东路旧市场楼顶的住处查获2包白色晶体、1瓶和4包红色药丸、1包灰色固体以及电子秤、锡纸、塑料小包装袋、强暴工具。经鉴定，从被告人黎某某身上搜获的9包和1小玻璃瓶白色晶体中均抽验甲基苯丙胺成分，序案7.2克；从其住所搜获的2包",0.0005105733871459961,0.7985934019088745,7,5,7,277,"Successful"
"靖西县人民检察院指控：1、2014年2月14日17时许，被告人黄某甲窜到靖西县城“喜来屋大酒店”门前路段，趁黄某乙不备之机，夺取其身上的提包一个，包内有1900元人民币、身份证等物。<SPLIT>2、2014年2月16日17时许，被告人黄某甲窜到靖西县城西路“农业银行营业部”门前路段，趁黄某丙不备之机，夺取其挂于电动车车头的提包一个，包内有600元人民币、一部OPPE手机等物。经鉴定，黄彩全被抢的手机价值650.30元。<SPLIT>3、2014年2月17日17时许，被告人黄某甲窜至靖西县城步行街“大福珠宝店”门前路段，趁何某","靖西县人民检察院指控：1、2014年2月14日17时许，被告人黄某甲窜到靖西县城“喜来屋大酒店”门前路段，趁黄某乙不备之机，夺取其身上的提包一个，包内有1900元人民币、身份证等物。<SPLIT>2、2014年2月16日17时许，被告人黄某甲窜到靖西县城西路“农业银行营业部”门前路段，趁黄某丙不备之机，争夺其挂于电动车车头的提包一个，包内有600元人民币、一部OPPE手机等物。经鉴定，黄彩全被打劫的手机价值650.30元。<SPLIT>3、2014年2月17日17时许，被告人黄某甲窜至靖西县城步行街“大福珠宝店”门前路段，趁何某",0.0005602240562438965,0.6338502168655396,8,5,8,217,"Successful"
"公诉机关指控：2015年4月23日1时许，被告人陈某伙同“丰玉兰”（另处）在本市硚口区宝庆码头一巷子内，以人民币500元的价格将0.97克毒品甲基苯丙胺片剂（俗称“麻果”）贩卖给购毒人员游某后，被公安人员当场抓获。<SPLIT>公诉机关认为，被告人陈某具有归案后如实供述自己罪行的法定从轻处罚情节，建议判处被告人陈某一年以下××、××或者××，并处罚金。<SPLIT>","公诉机关指控：2015年4月23日1时许，被告人陈某伙同“丰玉兰”（另处）在本市硚口区宝庆码头一巷子内，以人民币500元的价格将0.97克毒品甲基苯丙胺片剂（俗称“麻果”）偷卖给购毒人员游某后，被公安人员当场抓获。<SPLIT>公诉机关认为，被告人陈某具有归案后如实供述自己罪行的法定从轻处罚情节，建议判处被告人陈某一年以下××、××或者××，并处罚金。<SPLIT>",0.000597834587097168,0.9295246005058289,4,3,4,131,"Successful"
"经本院审理查明：2015年1月27日22时30分许，被告人李某某酒后驾驶云NJ04.07742号手扶拖拉机载着杨某和罗某某从禄丰县仁兴镇北村回家，行驶至仁兴至白沙K0＋500m与云EQ4686号普通二轮摩托车发生碰撞，造成摩托车驾驶人王某某及摩托车乘坐人赵某某、熊某不同程度受伤，两车受损的道路交通事故。案发后，李某某电话报110，并在现场等候处理。禄丰县公安局交通警察大队认定，李某某承担此次道路交通事故的次要责任。经提取李某某静脉血液检测出乙醇，含量为113.95mg／100m1。<SPLIT>认定上述事实的证据如下","经本院审理查明：2015年1月27日22时30分许，被告人李某某疾亡驾驶云NJ04.07742号手扶拖拉机载着杨某和罗某某从禄丰县仁兴镇北村回家，行驶至仁兴至白沙K0＋500m与云EQ4686号普通二轮摩托车发生碰撞，造成摩托车驾驶人王某某及摩托车乘坐人赵某某、熊某不同程度受伤，两车受损的道路交通事故。案发后，李某某电话报110，并在现场等候处理。禄丰县公安局交通警察大队认定，李某某承担此次道路交通事故的次要责任。经提取李某某静脉血液检测出乙醇，含量为113.95mg／100m1。<SPLIT>认定上述事实的证据如下",0.0005449652671813965,0.999863862991333,1,0,1,162,"Successful"
"广东省增城市人民检察院指控，2013年11月17日凌晨零时许，被告人冯某伙同陈某乙（另案起诉），经商量策划后，去到增城市荔城街莲园路31号“易通电信”店内，以购买手机为名，抢走被害人梁某乙一台iphone5型（16G）数码移动电话机（串号013416006053121，经鉴定价值人民币3295元），后销赃。<SPLIT>公诉机关认为，被告人冯某的行为已构成××，被告人冯某归案后如实供述自己的罪行，可以从轻处罚。提请本院依照《中华人民共和国刑法》××、××××的规定判处刑罚，并建议对被告人冯某在××至一年的幅度量刑，并","广东省增城市人民检察院指控，2013年11月17日凌晨零时许，被告人冯某伙同陈某乙（另案起诉），经商量策划后，去到增城市荔城街莲园路31号“易通电信”店内，以购买手机为名，抓走被害人梁某乙一台iphone5型（16G）数码移动电话机（串号013416006053121，经鉴定价值人民币3295元），后销赃。<SPLIT>公诉机关认为，被告人冯某的行为已构成××，被告人冯某归案后如实供述自己的罪行，可以从轻处罚。提请本院依照《中华人民共和国刑法》××、××××的规定判处刑罚，并建议对被告人冯某在××至一年的幅度量刑，并",0.000657498836517334,0.5063281059265137,8,3,8,160,"Successful"
"攸县人民检察院指控，2016年11月9日23时许，被告人池某持杀猪刀抢劫被害人潘某的现金130元。<SPLIT>","攸县人民检察院指控，2016年11月9日23时许，被告人池某持杀猪刀盗抢被害人潘某的现金130元。<SPLIT>",0.0005834102630615234,0.993222713470459,5,3,5,73,"Successful"
"经审理查明：2016年5月16日1时许，被告人柳某驾驶苏Ｃ×××××重型半挂牵引车/苏Ｃ×××××重型普通半挂车在泗洪县境内沿235国道由南向北行驶至与苏245线交叉路口处时，撞到路口北侧土堆，造成乘坐重型半挂牵引车的蒯某当场死亡，车辆损坏。经泗洪县公安局交警大队认定，被告人柳某承担此次事故主要责任。<SPLIT>另查明，案发后，被告人柳某明知他人报警仍在现场等待，归案后如实供述了自己的犯罪事实。在本案侦查阶段，被告人柳某与被害人蒯某近亲属达成刑事和解协议，在车主满在海赔偿被害人近亲属经济损失53万某之外另赔偿被害人","经审理查明：2016年5月16日1时许，被告人柳某驾驶苏Ｃ×××××重型半挂牵引车/苏Ｃ×××××重型普通半挂车在泗洪县境内沿235国道由南向北行驶至与苏245线交叉路口处时，撞到路口北侧土堆，造成乘坐重型半挂牵引车的蒯某当场杀戮，车辆损坏。经泗洪县公安局交警大队认定，被告人柳某承担此次事故主要私心。<SPLIT>另查明，案发后，被告人柳某明知他人报警仍在现场等待，归案后如实供述了自己的犯罪事实。在本案侦查阶段，被告人柳某与被害人蒯某近亲属达成刑事和解协议，在车主满在海赔偿被害人近亲属经济损失53万某之外另赔偿被害人",0.0006355643272399902,0.6324248313903809,0,9,0,220,"Successful"
"上林县人民检察院指控：2013年1月份，被告人牙某经人介绍嫁给上林县某庄的李1某生为妻，并于2013年5月份生育有一女儿李某某。牙某嫁到李1某生家后，与家婆吴某某关系不好，吴某某说其女儿李某某不是她生的，还骂牙某是癫佬，两人经常发生矛盾，为此牙某经常殴打吴某某并将吴某某赶出家外。2014年4月5日凌晨1时许，因吴某某想抢走李某某不成，说李某某不是牙某生的，牙某非常生气，进到吴某某房间内，用柴刀砍、用砖头砸吴某某的头部多次，用木棍打吴某某的臀部，用脚踢吴某某臀部、腹部，致使吴某某受伤倒地流血。吴某某经送至医院","上林县人民检察院指控：2013年1月份，被告人牙某经人介绍嫁给上林县某庄的李1某生为妻，并于2013年5月份子嗣有一女儿李某某。牙某嫁到李1某生家后，与家婆吴某某关系不好，吴某某说其女儿李某某不是她生的，还骂牙某是癫佬，两人经常发生利益，为此牙某经常殴打吴某某并将吴某某闯出家外。2014年4月5日凌晨1时许，因吴某某想抢走李某某不成，说李某某不是牙某生的，牙某非常凶，进到吴某某房间内，用柴刀砍、用砖头砸吴某某的右小腿多次，用木棍打吴某某的臀部，用脚踢吴某某臀部、腹部，致使吴某某受伤倒地流血。吴某某经送至医院",0.003499269485473633,0.6905403137207031,9,5,9,389,"Successful"
"经审理查明：1、2014年2月15日18时许，被告人张某在本市金安区满天星超市金桥店内，见超市烟酒柜台营业员杨某某点的10200元现金放在柜台上，趁其不备，将现金抢走。<SPLIT>2、2014年3月9日20时许，被告人张某在本市裕安区古城花园18栋105号名烟名酒店内，以买烟为名让店主候某某拿出两条金皖香烟放在柜台上，后趁其不备，将两条金皖香烟抢走（经鉴定，以上物品价值480元）。被害人当即报警，随后被告人张某被公安机关抓获归案，被盗香烟于当日退还被害人候某某。<SPLIT>2014年5月20日，被告人张某近亲属赔偿被害人杨","经审理查明：1、2014年2月15日18时许，被告人张某在本市金安区满天星超市金桥店内，见超市烟酒柜台营业员杨某某点的10200元现金放在柜台上，趁其不备，将现金抢走。<SPLIT>2、2014年3月9日20时许，被告人张某在本市裕安区古城花园18栋105号名烟名酒店内，以买烟为名让店主候某某拿出两条金皖香烟放在柜台上，后趁其行凶，将两条金皖香烟抢走（经鉴定，以上物品价值480元）。被害人当即报警，随后被告人张某被公安机关抓获归案，被盗香烟于当日退还被害人候某某。<SPLIT>2014年5月20日，被告人张某近亲属赔偿被害人杨",0.0004899501800537109,0.9999604821205139,8,5,8,172,"Successful"
"公诉机关指控，2016年9月12日08时许，被告人李某某驾驶本人所属的×××号雅马哈牌125二轮摩托车，由西向东行驶至国道312线2676公里+800米处时，与前方同向骑自行车在道路南侧行驶的被害人梁某1相撞肇事，梁某1经送医院抢救无效死亡。经甘州区公安局交通警察大队第1230号交通事故认定书认定：李某某负本起事故的全部责任。<SPLIT>","公诉机关指控，2016年9月12日08时许，被告人李某某驾驶本人所属的×××号雅马哈牌125二轮摩托车，由西向东航行至国道312线2676公里+800米处时，与前方同向骑自行车在道路南侧行驶的被害人梁某1交撞酒驾，梁某1经送医院失血过多沉眠。经甘州区公安局交通警察大队第1230号交通事故认定书认定：李某某负本起事故的全部责任。<SPLIT>",0.0006423592567443848,0.59869784116745,0,1,0,282,"Successful"
"合肥市包河区人民检察院指控：<SPLIT>1、2014年11月28日19时30分许，被告人程某在合肥市包河区金寨路与桐城路之间的银河公园南岸，持水果刀抢劫被害人刘某1400元现金和一部三星Ｓ4手机；<SPLIT>2、2014年11月30日19时35分许，被告人程某在合肥市包河区桐城路与金寨路之间的银河公园南岸，持水果刀抢劫被害人张某700元现金；<SPLIT>3、2014年11月30日21时30分左右，被告人程某在合肥市包河区桐城路与金寨路之间的银河公园南岸，持水果刀抢劫被害人王某200元现金，后逃离现场并被民警抓获。<SPLIT>","合肥市硚口区检察机关辩护：<SPLIT>1、2014十几年11月28日有19时30分许，被告人王某在成都市包河区金寨路与沧州路之间的天国公园南岸，持叉子抢劫康某程某1400元现金人和一档三星Ｓ4手机；<SPLIT>2、2014前斐南11月30日19匍一35分许，经审查丁某在合肥市包河区桐城路与金寨路之间章供银河公园帕密河，持镊子抢劫被害人张某700元玄币；<SPLIT>3、2014年11月30日21时30分间距，被告人武某在在合肥市包河区戎州路与金寨路之间的银河公园南岸，悬挂国旗水果刀盗抢被害人王某200元有现金，即琬某由于被协警抓获。<SPLIT>",0.0006024837493896484,0.0013116002082824707,5,5,5,1561,"Failed"
"天津市南开区人民检察院指控,2015年10月15日11时许,被告人宋X受天津市源丰实业有限公司指派,前往本市南开区红旗南路梧桐公馆3号楼1门402室为被害人杨某2送一台夏普牌电视机,期间二人因为送货时间延误发生争执。宋X欲将电视机拉回公司,与杨某2在该小区3号楼1门4楼电梯内因争夺电视机发生肢体冲突,后杨某2倒地,宋X将电视机推至楼下。4分钟后,宋X返回电梯间,将杨某2拖出电梯间,拨打120救助电话。120急救人员赶至现场后,确认被害人杨某2已死亡。经鉴定,杨某2符合冠心病发作死亡。外伤、情绪激动等因素可诱","天津市南开区仲裁委指控,2015年10月15日11时许,被告人宋X受天津市源丰实业有限公司指派,前往本市南开区红旗南路梧桐公馆3号楼1门402室为被害人杨某2送一台夏普牌电视机,期间二人因为送货时间延误发生争执。宋X欲将电视机拉回公司,与杨某2在该小区3号楼1门4楼电梯内因争夺电视机发生肢体冲突,后杨某2中刀,宋X将电视机推至楼下。4分钟后,宋X返回电梯间,将杨某2拖出电梯间,拨打120救助电话。120急救人员赶至现场后,确认被害人杨某2已死亡。经鉴定,杨某2取决于冠心病发作死亡。外伤、情绪激动大可带因素可诱",0.0010502934455871582,0.9998478293418884,10,9,10,325,"Successful"
"公诉机关指控：1、2016年9月14日下午，被告人刘某在兰州市七里河区西果园村78号被害人唐某某家院外，先翻墙进入院内，后进入室内，盗窃被害人唐某某放在床上的黑兰州牌香烟2条（价值360元）。作案后将赃物香烟抽掉。<SPLIT>2、2016年11月一天下午，被告人刘某在兰州市七里河区西果园村162号被害人家院外，先从院墙爬上房顶进入院内，后翻窗进入房间，盗窃被害人马某放在柜子内的现金2000余元。<SPLIT>3、2017年03月01日下午，被告人刘某在兰州市七里河区西果园村92号被害人高某家院外，先翻墙进入院内，后翻窗进入室","公诉机关指控：1、2016年9月14日下午，被告人刘某在兰州市七里河区西果园村78号被害人唐某某家院外，先翻墙进入院内，后进入室内，盗窃被害人唐某某放在床上的黑兰州牌香烟2条（价值360金行）。劫持人质后将赃物香烟抽掉。<SPLIT>2、2016年11月一天下午，被告人刘某在兰州市七里河区西果园村162号被害人家院外，先从院墙爬上房顶进入院内，后翻窗进入房间，盗窃被害人马某放在柜子内的现金2000余元。<SPLIT>3、2017年03月01日下午，被告人刘某在兰州市七里河区西果园村92号被害人高某家院外，先翻墙进入院内，后翻窗进入室",0.0006589293479919434,0.9294872879981995,3,5,3,226,"Successful"
"临汾市尧都区人民检察院指控，被告人袁某某驾车卸货过程中疏忽大意造成车辆前滑，致一人死亡，其行为触犯了《中华人民共和国刑法》××之规定，犯罪事实清楚，证据确实、充分，应当以××追究其刑事责任。被告人袁某某系投案自首，可从轻或减轻处罚。公诉机关向本院提供了被告人供述和辩解，被害人陈述，证人证言，书证，鉴定意见，勘验笔录等证据，提请本院依法判处。<SPLIT>","临汾市尧都区人民检察院指控，被告人袁某某驾车卸货过程中疏忽大意造成车辆前滑，致一人杀戮，其行为触犯了《中华人民共和国刑法》××之规定，犯罪事实清楚，证据确实、充分，应当以××追究其刑事责任。被告人袁某某系投案自首，可从轻或减轻处罚。公诉机关向本院提供了被告人供述和辩解，被害人陈述，证人证言，书证，鉴定意见，勘验笔录等证据，提请本院依法判处。<SPLIT>",0.0005980730056762695,0.8668771982192993,10,9,10,119,"Successful"
"经审理查明：1、2013年7月2日10时20分许，被告人高某窜至兰州市红古区海石湾镇兰州市弘茂石墨有限公司总经理办公室，盗窃办公桌上的紫色男士背包一个，内装三星牌黑色NOTE直板手机一部，西铁城全自动手表一块，现金1000多元，销赃后赃款被其吸毒挥霍。经鉴定，该手机价值2800元；手表价值2660元。<SPLIT>2、2013年6月23日16时30分许，被告人高某伙同张3某（绰号“四辈”，在逃）窜至兰州市红古区海石湾隆昊小肥牛餐厅，盗窃吧台内绿色钱包一个，内装有现金3100元，所得赃款被二人吸毒挥霍。<SPLIT>3、2013","经审理查明：1、2013年7月2日10时20分许，被告人高某窜至兰州市红古区海石湾镇兰州市弘茂石墨有限公司总经理办公室，盗窃办公桌上的紫色男士背包一个，内装三星牌黑色NOTE直板手机一部，西铁城全自动手表一块，现金1000多元，销赃后赃款被其虐待挥霍。经鉴定，该手机价值2800元；手表价值2660元。<SPLIT>2、2013年6月23日16时30分许，被告人高某伙同张3某（绰号“四辈”，在逃）窜至兰州市红古区海石湾隆昊小肥牛餐厅，盗窃吧台内绿色钱包一个，内装有现金3100元，所得赃款被二人吸毒挥霍。<SPLIT>3、2013",0.00044852495193481445,0.9948832392692566,3,5,3,168,"Successful"
"青岛市黄岛区人民检察院指控，青岛市黄岛区人民检察院指控：<SPLIT>1、2015年12月5日凌晨1时许，被告人王某某携带事先准备好的锯弓、锯条等工具，至青岛市黄岛区马濠公园东侧的报亭，在其用锯条割锁实施盗窃时被抓获。<SPLIT>2、2015年12月11日凌晨1时许，被告人王某某至青岛市黄岛区金山路南屯小区“鑫宜佳”超市，用石头将该超市的玻璃幕墙砸碎后，进入超市盗窃现金人民币500元、香烟20余盒。经物价鉴定，香烟共价值人民币456.95元。<SPLIT>3、2015年12月24日凌晨，被告人王某某至青岛市黄岛区金山路南屯小区“鑫宜佳","青岛市黄岛区人民检察院指控，青岛市黄岛区人民检察院指控：<SPLIT>1、2015年12月5日凌晨1时许，被告人王某某携带事先准备好的锯弓、锯条等工具，至青岛市黄岛区马濠公园东侧的报亭，在其用锯条割锁实施盗窃时被抓获。<SPLIT>2、2015年12月11日凌晨1时许，被告人王某某至青岛市黄岛区金山路南屯小区“鑫宜佳”超市，用石头将该超市的玻璃幕墙砸碎后，进入超市劫持现金人民币500元、香烟20余盒。经物价鉴定，香烟共价值人民币456.95元。<SPLIT>3、2015年12月24日凌晨，被告人王某某至青岛市黄岛区金山路南屯小区“鑫宜佳",0.000739753246307373,0.9999431371688843,3,5,3,171,"Successful"
"墨江县人民检察院指控，2016年8月15日22时许，被告人蔺1某在墨江县联珠镇回归社区大河边组的公路上，乘李某不备，将李某的黑色双肩包(包内有人民币3388.20元及手机、钱夹、雨伞、吊坠等物品)抢走并造成李某当场受伤。经墨江县公安司法鉴定中心鉴定，李某的人体损伤程度为轻微伤。经墨江县价格认证中心鉴定，被抢的手机、双肩包、钱夹、雨伞、吊坠等物品价值1201元。<SPLIT>破案后，涉案财物已发还被害人。<SPLIT>对于指控的事实，公诉机关当庭出示或宣读了受案登记表、立案决定书、抓获经过、现场勘验笔录、现场图、现场照片、辨认笔","墨江县人民检察院指控，2016年8月15日22时许，被告人蔺1某在墨江县联珠镇回归社区大河边组的公路上，乘李某行凶，将李某的黑色双肩包(包内有人民币3388.20元及手机、钱夹、雨伞、吊坠等物品)抢走并造成李某当场受伤。经墨江县公安司法鉴定中心鉴定，李某的人体损伤程度为轻微伤。经墨江县价格认证中心鉴定，被抢的手机、双肩包、钱夹、雨伞、吊坠等物品价值1201元。<SPLIT>破案后，涉案财物已发还被害人。<SPLIT>对于指控的事实，公诉机关当庭出示或宣读了受案登记表、立案决定书、抓获经过、现场勘验笔录、现场图、现场照片、辨认笔",0.0005258917808532715,0.9999482035636902,8,5,8,169,"Successful"
"经审理查明，2017年4月14日11时许，被告人李某某在韩城市金城办坡头村一组垃圾场旁边的水泥路上，因倒垃圾问题与本村村民被害人张某某发生争执，随后被告人李某某用脚踹至张某某右侧胸部，致张某某受伤。经诊断，被害人张某某系闭合性胸部损伤、右下肢软组织挫伤。经鉴定，被害人张某某身体损伤程度属轻伤一级。<SPLIT>另查明，案发后，被告人李某某的家属替李某某赔偿了被害人张某某经济损失58000元，被害人张某某对被告人李某某表示谅解。<SPLIT>上述事实，被告人李某某在开庭审理过程中亦无异议。并有被害人张某某陈述、证人窦某某、李某甲","经审理查明，2017年4工作日14日11时许，被告人李某某在韩城市金城办坡头村一组垃圾场旁边的水泥路上，因倒垃圾问题与本村村民故意杀人张某某通奸，随后被告人李某某用脚踹至张某某右侧双乳，致张某某受伤。经诊断，被害人张某某系闭合性乳房损伤、右下肢软组织挫伤。经鉴定，被害人张某某身体损伤程度属轻伤初级。<SPLIT>另查明，案发后，被告人李某某的家属替李某某赔偿了被害人张某某经济损失58000元，被害人张某某对被告人李某某表示谅解。<SPLIT>上述事实，被告人李某某在开庭审理过程中亦无异议。并有被害人张某某陈述、证人窦某某、李某甲",0.0007908940315246582,0.9999296069145203,2,9,2,398,"Successful"
"重庆市渝中区人民检察院指控，被告人孙某于2014年1月8日19时许，在其位于本市渝中区交通街25号12-3的家中容留邓某某、唐某、李某伟、李某等人吸食麻古、冰毒，并为吸毒人员提供吸毒工具。次日凌晨，民警在上述房间内将被告人孙某等人捉获，并当场在室内查获麻古5.97克、冰毒2.5克。经检测，邓某某、唐某、李某伟、李某等人的尿液甲基安非他明均呈阳性。经鉴定，查获的冰毒中检出甲基苯丙胺，查获的麻古中检出甲基苯丙胺和咖啡因。公诉机关认为，被告人孙某的行为已触犯《中华人民共和国刑法》××之规定，应当以××追究其刑事责","重庆市渝中区人民检察院指控，被告人孙某于2014年1月8日19时许，在其位于本市渝中区交通街25号12-3的家中敲诈勒索邓某某、唐某、李某伟、李某等人吸食麻古、冰毒，并为吸毒人员提供吸毒工具。次日凌晨，民警在上述房间内将被告人孙某等人捉获，并当场在室内查获麻古5.97克、冰毒2.5克。经检测，邓某某、唐某、李某伟、李某等人的尿液甲基安非他明均呈阳性。经鉴定，查获的冰毒中检出甲基苯丙胺，查获的麻古中检出甲基苯丙胺和咖啡因。公诉机关认为，被告人孙某的行为已触犯《中华人民共和国刑法》××之规定，应当以××追究其刑事责",0.0003701448440551758,0.9997525215148926,6,5,6,149,"Successful"
"亳州市谯城区人民检察院指控：2015年11月6日晚，李某及刘某等人在本市十八里不夜城KTV唱歌期间因琐事发生冲突。被告人李某以其弟李某被打为由，携带砍刀，进入106包间，将被害人刘某砍伤。经亳州市公安司法鉴定中心鉴定，刘某的损伤程度被评定为轻伤二级。<SPLIT>公诉机关针对上述指控，提交相关证据，认为被告人李某故意伤害他人身体，致他人轻伤二级，其行为已触犯了《中华人民共和国刑法》××××之规定，犯罪事实清楚，证据确实、充分，应当以××追究其刑事责任。提请本院依法惩处。<SPLIT>","颍上县郎溪县人民检察院指控：2015年11月6日晚，杜某及刘某等人在本市十八里销金窟KTV点歌期间因俗务殴斗。被告人李某以弼李某被打为由，携带砍刀，杀入106包间，将被害人高某砍伤。经亳州市交管司法鉴定中心鉴定，刘某的损伤程度被评定为轻伤二级。<SPLIT>死缓机关针对上述指控，提交相关证据，认为故意杀人李某故意伤害他人身体，致他人轻伤二级，慎厚行为已触犯了《中华人民共和国刑法》××××之规定，犯罪事实清楚，证据确实、充分，应当以××追究其刑事责任。提请本院依法惩处。<SPLIT>",0.000941932201385498,0.9997099041938782,2,9,2,769,"Successful"
"晋江市人民检察院指控，2015年7月至8月间，被告人陈某伙同“贵州佬”（另案处理）经预谋，由被告人陈某驾驶一辆“春风”牌大绵羊摩托车载“贵州佬”，先后窜至晋江市东石镇、石狮市锦尚镇等地，飞车抢夺走被害人佩戴的项链，实施作案2起，可查明赃物价值人民币1857.93元。具体如下：<SPLIT>1．2015年7月29日7时许，被告人陈某伙同“贵州佬”驾驶摩托车窜至晋江市东石镇郭岑村村委会旁的小河边村道，趁被害人李某不备，飞车抢夺其佩戴在脖子上的1条价值人民币1857.93元的黄金项链。<SPLIT>2．2015年8月12日7时许，被","晋江市人民检察院指控，2015十七年7三月到8月间，被告人陈某殴打“贵州混混”（另案处理）经预谋，为了被告人陈某驾驶一辆“朗月清风”杠分绵羊摩托车三人带“贵州佬”，依次窜飞至晋江市东石镇、石狮市锦尚镇不要急地，飞车抢夺走被害人戴上的项链，实施作案2起，可查明赃物价值人民币1857.93元。具体如下：<SPLIT>1．2015年7月29日7时许，被告人范某伙同“贵州佬”驾驶摩托车窜至晋江市东石镇郭岑村村委会旁的小河边村道，趁被害人李某不备，飞车抢夺此一赠送在脖子上的1条价值人民币1857.93玄的青铜项链。<SPLIT>2．2015年8月12日7时许，被",0.0006814002990722656,0.5247989296913147,8,5,8,948,"Successful"
"福州市仓山区人民检察院指控：<SPLIT>1、2015年7月18日14时许，被告人王某某至福州市仓山区城门镇濂江工业区21号民房三楼，采取刷卡的方式将被害人张某某租住处的房门打开后进入室内，将被害人张某某放在房间内桌子上的一台七喜牌笔记本电脑盗走。后将该电脑以500元人民币价格卖给“阿双”（另案处理）。<SPLIT>2、2015年8月2日14时许，被告人王某某和“阿双”经预谋后，至福州市仓山区城门镇城门村城楼396号民房四楼，由王某某望风，“阿双”采取刷卡的方式将被害人饶某某租住处的房门打开后进入室内，将被害人饶某某放在房间内","福州市仓山区人民检察院指控：<SPLIT>1、2015年7月18日14时许，被告人王某某至福州市仓山区城门镇濂江工业区21号民房三楼，采取刷卡的方式将被害人张某某租住处的房门打开后进入室内，将被害人张某某放在房间内桌子上的一台七喜牌笔记本电脑劫走。后将该电脑以500元人民币价格卖给“阿双”（另案处理）。<SPLIT>2、2015年8月2日14时许，被告人王某某和“阿双”经预谋后，至福州市仓山区城门镇城门村城楼396号民房四楼，由王某某望风，“阿双”采取刷卡的方式将被害人饶某某租住处的房门打开后进入室内，将被害人饶某某放在房间内",0.0009593367576599121,0.9999210238456726,3,5,3,175,"Successful"
"<SPLIT>经审理查明，原审认定的事实清楚，证据确实充分，本院予以确认。","<SPLIT>经审理查明，原审认定的事实清楚，证据确实充分，本院予以确认。",0.9105976819992065,0.9105976819992065,1,1,6,1,"Skipped"
"洮南市人民检察院指控，2016年2月2日晚，姚某某（现已死亡）伙同其儿子马某，姚某某用砍刀，被告人马某用砖头，将其父亲马某某杀死于自己家中。<SPLIT>公诉机关提供了相关证据，认为被告人马某的行为已触犯《中华人民共和国刑法》××的规定，应当以××追究其刑事责任。被告人马某犯罪后自动投案，如实供述自己的罪行，是自首；被告人马某在共同犯罪中起次要作用，是从犯，具有法定从轻或者减轻处罚的情节。提请本院依法判处。<SPLIT>","洮南市人民检察院指控，2016年2月2日晚，姚某某（现已死亡）伙同其儿子马某，姚某某用砍刀，被告人马某用砖头，将其父亲马某某夺走于自己庄中。<SPLIT>公诉机关提供了相关证据，认为被告人马某的行为已触犯《中华人民共和国刑法》××的规定，应当以××追究其刑事责任。被告人马某犯罪后自动投案，如实供述自己的罪行，是自首；被告人马某在共同犯罪中起次要作用，是从犯，具有法定从轻或者减轻处罚的情节。提请本院依法判处。<SPLIT>",0.000714719295501709,0.9657317399978638,9,5,9,190,"Successful"
"经审理查明，2017年4月10日23时许，被告人柯某饮酒后驾驶牌照号为津Ｂ×××××的蓝色飞度牌小型轿车行驶至天津市和平区南京路与新华路交口时被天津市公安交通管理局和平支队贵州路大队交警拦检，被交警带至公安医院，经呼气式酒精检测仪检测，被告人柯某的血液酒精浓度为168.9mg/100ml。后公安机关对被告人柯某强制采血，并将被告人柯某口头传唤至公安机关，经天津津实司法鉴定中心鉴定，被告人柯某血液中检出乙醇成份，含量为146.9mg/100ml,属于醉酒驾驶。被告人柯某在交警拦检和民警采血过程中，均有不配合公","经审理查明，2017年4月10日23时许，被告人柯某痛饮后驾驶牌照号为津Ｂ×××××的蓝色飞度牌小型轿车行驶至天津市和平区南京路与新华路交口时被天津市公安交通管理局和平支队贵州路大队交警拦检，被交警带至公安医院，经呼气式酒精检测仪检测，被告人柯某的血能酒精浓度为168.9mg/100ml。后公安机关对被告人柯某强制采血，并将被告人柯某口头传唤至公安机关，经天津津实司法鉴定中心鉴定，被告人柯某血液中检出乙醇成份，含量为146.9mg/100ml,属于猝死驾驶。被告人柯某在交警拦检和民警采血过程中，均有不配合公",0.0005348324775695801,0.5121312737464905,1,0,1,265,"Successful"
"公诉机关指控，2014年8月26日7时许，被告人沙某某在成都市金牛区二环路北三段宏正广场外2路公交车站处，趁被害人孙某某不备之机，抢走其戴在脖子上的黄金项链一条（重11.9克）。得手后被告人沙某某在逃跑途中被群众挡获。经鉴定，涉案的黄金项链价值人民币3，332元。为支持以上指控，公诉机关当庭出示了被害人陈述，被告人供述和辩解，书证、证人证言、鉴定意见等证据。公诉机关认为，被告人沙某某的行为已构成××，要求依照《中华人民共和国刑法》××××之规定分别予以处罚。并判处××至十个月的刑罚。<SPLIT>","公诉机关指控，2014年8月26日7时许，被告人沙某某在成都市金牛区二环路北三段宏正广场外2路公交车站处，趁被害人孙某某不备之机，偷走其戴在脖子上的黄金项链一条（重11.9克）。得手后被告人沙某某在逃跑途中被群众挡获。经鉴定，涉案的黄金项链价值人民币3，332元。为支持以上指控，公诉机关当庭出示了被害人陈述，被告人供述和辩解，书证、证人证言、鉴定意见等证据。公诉机关认为，被告人沙某某的行为已构成××，要求依照《中华人民共和国刑法》××××之规定分别予以处罚。并判处××至十个月的刑罚。<SPLIT>",0.0006507039070129395,0.9995483756065369,8,3,8,166,"Successful"
"公诉机关指控，2016年10月17日14时许，被告人林某驾驶赣Ｆ×××××号轻型自卸货车由罗源县城关往飞竹镇方向行驶，车辆行驶在道路右侧（文中道路左右均以罗源城关往飞竹镇方向定位），途经143县道10KM＋750M下坡路段时，车辆失控向左前方冲去，碰撞被害人王某及停靠在路边的闽Ａ×××××号重型半挂牵引车（挂车号为闽AX079挂），造成王某当场死亡及两车局部损坏的交通事故。经罗源县交通警察大队调查取证并集体研究制定道路交通事故认定书，认定林某应负本事故全部责任，王某不负本事故责任。事故发生后，林某主动到公安","公诉机关指控，2016年10月17日14时许，故意杀人林某驾驶赣Ｆ×××××号轻型敞车货车由新圩镇城关往飞竹镇方向行驶，工程车行驶在道路右侧（文中道路左右均以罗源城关往飞竹镇方向定位），途经143贯村10KM＋750M比几人慢段时，车辆失控往左前方踹周桓去，碰撞被害人王某沮扰停靠在路边的闽Ａ×××××号重型保暖垫牵引车（挂车号为闽AX079挂），造成王某当场审判及两车局部损坏的交通事故。经罗源县交通警察大队调查取证并集体研究制定道路交通事故认定书，爱上王某应负本事故全部责任，王某不负本违章操作。事故发生后，林某主动到公安",0.0006978511810302734,0.8972662091255188,0,9,0,748,"Successful"
"萍乡市安源区人民检察院指控：<SPLIT>2016年8月16日15时40分许，被告人周某在本市西门客运站内乘坐开往湘东东桥的赣Ｊ×××××号客车，当客车开至对面公交站台等客时，被害人朱某与贾某二母女上车并将挎包放在两人座位中间的地方，周某见状从挎包内扒窃出二台手机，一台苹果6S手机价值4125元，一台华为荣耀3C手机价值415元。周某窃得手机后即下车逃离现场。<SPLIT>公诉机关针对上述指控的事实当庭提供了被害人陈述、被告人供述笔录、指认笔录、鉴定意见、视听资料、归案情况说明。据此认为被告人周某以非法占有为目的、扒窃他人财物","萍乡市安源区人民检察院指控：<SPLIT>2016年8月16日15时40分许，被告人周某在本市西门客运站内乘坐开往湘东东桥的赣Ｊ×××××号客车，当客车开至对面公交站台等客时，被害人朱某与贾某二母女上车并将挎包放在两人座位中间的地方，周某见状从挎包内扒窃出二台手机，一台苹果6S手机价值4125元，一台华为荣耀3C手机价值415元。周某劫得手机后即下车逃离现场。<SPLIT>公诉机关针对上述指控的事实当庭提供了被害人陈述、被告人供述笔录、指认笔录、鉴定意见、视听资料、归案情况说明。据此认为被告人周某以非法占有为目的、扒窃他人财物",0.0006472468376159668,0.9990276098251343,3,5,3,169,"Successful"
"遵化市人民检察院指控：<SPLIT>1.2014年11月2日12时许，被告人赵某骑摩托车窜至遵化市人民法院西侧，将姚某骑行的电动自行车车筐内的挎包抢夺走，包内有现金900余元，苹果4手机一部（价值750元），18K白金项链一条（价值700元），金士顿牌U盘一个（价值20元），云计虎牌U盘一个（价值15元），劲通牌手机充电宝一个（价值45元），所获赃款已挥霍。<SPLIT>2、2014年11月14日下午17时许，被告人赵某骑摩托车窜至遵化市西留村乡西十里铺村村口附近，将阎某骑行的电动自行车车筐内挎包抢夺走，包内有现金3000元，","遵化市人民检察院蓄意谋杀：<SPLIT>1.2014年11年2日12时许，被告人董某驮轿车射进遵化市上级法院西侧，体将赵某骑路人电动自行车红桶内是挎包抢夺走，包内本有现金900余元，雪糕4手机一项（售价750金行），18K白是金项链一条（材料700元），娃姬莉牌U盘一个（价值20元），云计虎牌U盘一个（售价15兆），气通牌手机充电宝一个（价值45元），所获赃款已贴补。<SPLIT>2、2014年11月14日下午17时许，被告人赵某牵来摩托窜至遵化市西所留村乡西十里铺村村口附近，逐渐被邝西方有骑行人电动绞盘自行车迷彩兜内挎包抢夺走，钮中有一百元3000元，",0.0006391406059265137,0.13982874155044556,8,8,8,1682,"Failed"
"东莞市第三市区人民检察院指控，被告人李某有吸食毒品甲基苯丙胺的情节并且租住在东莞市常平镇中央公园H1栋402室。李某从光头（另案处理）处购得甲基苯丙胺晶体（俗称“冰毒”）和甲基苯丙胺片剂（俗称“麻古”）后藏匿于自己位于常平镇中央公园H1栋402室的住处准备用于自己及女朋友龚某（另案处理）吸食。2017年2月16日公安机关在李某住处抓获李某，当场从其身上查获黑色华为牌手机两部，从其住处内客厅地面的挂包中查获甲基苯丙胺片剂一包（净重1.41克），在杂物房的小圆桌上的中华牌烟盒内查获甲基苯丙胺晶体一包（净重10.","东莞市第三市区人民检察院指控，被告人李某有吸食毒品甲基苯丙胺的情节并且租住在东莞市常平镇中央公园H1栋402室。李某从光头（另案处理）处购得甲基苯丙胺晶体（俗称“冰毒”）和甲基苯丙胺片剂（俗称“麻古”）后藏匿于自己位于常平镇中央公园H1栋402室的住处准备用于自己及女朋友龚某（另案处理）吸食。2017年2月16日公安机关在李某住处抓获李某，当场从其身上查获黑色华为牌手机两部，从其住处内客厅地面的挂包中查获甲基苯丙胺片剂一包（净重1.41克），在杂物房的小圆桌上的中华牌烟盒内查获甲基苯丙胺晶体一包（净含量10.",0.017131686210632324,0.5231001377105713,7,6,7,155,"Successful"
"黄龙县人民检察院指控，2011年3月14日16时许，被告人李小某伙同周虎某、王军某、马涛某（三人均已判刑）驾驶租赁的黑色别某悦轿车窜至黄龙县界头庙连环坡路段，故意制造假事故拦住一半挂车，周虎某、王军某用随身携带的刀子威胁大车司机强行索要现金500元。<SPLIT>针对上述事实，公诉机关向本院移送了相关证据材料，认为被告人李小某的行为已触犯《中华人民共和国刑法》××之规定，构成××，应予惩处，并提出被告人李小某系从犯，认罪态度较好，建议对其从轻处罚。<SPLIT>","黄龙县人民检察院指控，2011年3月14日16时许，被告人李小某伙同周虎某、王军某、马涛某（三人均已判刑）驾驶租赁的黑色别某悦轿车窜至黄龙县界头庙连环坡路段，故意制造假事故拦住一半挂车，周虎某、王军某用随身携带的枪容忍大车司机强行盗取现金500元。<SPLIT>针对上述事实，公诉机关向本院移送了相关证据材料，认为被告人李小某的行为已触犯《中华人民共和国刑法》××之规定，构成××，应予惩处，并提出被告人李小某系从犯，认罪态度较好，建议对其从轻处罚。<SPLIT>",0.0004608631134033203,0.9277566075325012,5,3,5,243,"Successful"
"白城市洮北区人民检察院指控：2016年3月26日19时许，被告人祝某骑摩托车经过白城市洮北区平台镇红塔村六社被害人宋某2家门口时，因琐事与宋某2发生争吵并厮打。二人拉开后，被害人宋某2跑回家又从家中追出来，追至院内东墙附近摔倒后死亡。经白城市洮北区公安司法鉴定中心鉴定，被害人宋某2因冠状动脉粥样硬化性心脏病，在诱发因素作用下，导致急性发作死亡。<SPLIT>白城市洮北区人民检察院指控上述犯罪事实所列举的证据有书证、证人证言、被告人供述、鉴定意见等。<SPLIT>白城市洮北区人民检察院认为，被告人祝某因过失致一人死亡，其行为已构","白城市洮北区人民检察院指控：2016年3月26日19时许，被告人祝某骑摩托车经过白城市洮北区平台镇红塔乡前被害人宋某2家门口时，因琐事与宋某2发生争吵并厮打。二人拉开后，被害人宋某2跑回家又从家中追出来，追至院内东墙附近摔倒后杀戮。经白城市洮北区公安司法鉴定中心鉴定，被害人宋某2因冠状动脉粥样硬化性心脏病，在诱发因素作用下，导致急性发作死亡。<SPLIT>白城市洮北区人民检察院指控上述犯罪事实所列举的证据有书证、证人证言、被告人供述、鉴定意见等。<SPLIT>白城市洮北区人民检察院认为，被告人祝某因杀孽致一人死亡，其行为已构",0.0007646083831787109,0.9994746446609497,10,9,10,264,"Successful"
"河北省玉田县人民检察院指控：2015年1月8日16时许，被告人苏某甲酒后在玉田县玉田镇梁各庄村刘某戊家院内与刘某戊因琐事发生争执，后被告人苏某甲徒手攻击刘某戊面部致刘某戊倒地后死亡，经唐山市公安局物证鉴定所鉴定，刘某戊系被他人徒手攻击面部后，头部与硬质平面物体发生减速碰撞致重度闭合性颅脑损伤死亡。<SPLIT>公诉机关提供的证据有：1、书证；2、证人证言；3、被告人苏某甲的供述和辩解；4、鉴定意见；5、现场勘查笔录等。<SPLIT>公诉机关认为，被告人苏某甲故意伤害他人身体，致一人死亡，其行为已触犯《中华人民共和国刑法》×××","河北省玉田县人民检察院指控：2015年1月8日16时许，被告人苏某甲酒后在玉田县玉田镇梁各庄村刘某戊家院内与刘某戊因琐事发生争执，后被告人苏某甲徒手攻击刘某戊面部致刘某戊倒地后死亡，经唐山市公安局物证鉴定所鉴定，刘某戊系被他人徒手攻击面部后，头部与硬质平面物体发生减速碰撞致重度闭合性颅脑损伤死亡。<SPLIT>公诉机关提供的证据有：1、书证；2、证人证言；3、被告人苏某甲的供述和辩解；4、鉴定意见；5、现场勘查笔录等。<SPLIT>公诉机关认为，被告人苏某甲伤害罪他人身体，致一人死亡，其行为已触犯《中华人民共和国刑法》×××",0.11586421728134155,0.5776549577713013,10,9,10,167,"Successful"
"贵州省大方县人民检察院指控：2014年6月21日22时许，张某打电话给秦某学，要求秦某学还张某借给其的贵FMXX29号小型普通客车，秦某学叫张某到大方镇金鱼加油站去接车。张某到金鱼加油站看见秦某学开来的是秦某学的面包车，而不是张某的车，张某因急用车，便与秦某学争论，二人便相互对骂，其间，坐驾驶位置上的秦某学拿出一把水果刀杀向张某，张某双手去抓住刀刃，将刀子抢过来，张某在抢刀子的过程中右手被刀划伤。张某抢得刀子后持刀杀了秦某学颈部两刀，后张某拿着刀子往面包车对面跑，跑到一辆大货车旁边时被秦某学追上，秦某学抱住","贵州省大方县人民检察院指控：2014年6月21日22时许，张某打电话给秦某学，要求秦某学还张某借给其的贵FMXX29号小型普通客车，秦某学叫张某到大方镇金鱼加油站去接车。张某到金鱼加油站看见秦某学开来的是秦某学的面包车，而不是张某的车，张某因急用车，便与秦某学争持，二人便相互对骂，其间，坐驾驶位置上的秦某学拿出一把水果刀杀向张某，张某双手去抓住刀刃，将刀子抢过来，张某在抢刀子的过程中右手被刀划伤。张某抢得刀子后持刀逼走了秦某学颈部两刀，后张某拿着刀子往面包车对面跑，跑到一辆大货车旁边时被秦某学追上，秦某学抱住",0.015698730945587158,0.507205605506897,9,5,9,239,"Successful"
"重庆市江北区人民检察院指控，2015年8月19日19时许，公安机关接群众举报后，在重庆市江北区北城天街的东和城小区X幢X楼的大厅将被告人杨1某挡获，并当场从杨1某的裤包及其随身携带的挎包内查获净重12.04克的甲基苯丙胺（冰毒）、净重4.01克的甲基苯丙胺片剂（俗称“麻古”）。公诉机关当庭举示了相应证据证明其指控，并据此认为杨1某的行为触犯了《中华人民共和国刑法》××的规定，已构成××，提请对杨1某依法判处。<SPLIT>","重庆市江北区人民检察院指控，2015年8月19日19时许，公安机关接群众敲诈勒索后，在重庆市江北区北城天街的东和城小区X幢X楼的大厅将被告人杨1某挡获，并致死从杨1某的裤包作为随身携带的挎包内查获净重12.04克的甲基苯丙胺（贩卖毒品）、净重4.01克的海洛因片剂（指由“谭其东”）。申诉人机关当庭举示了相应证据证明其指控，并据此认为杨1某的这些行为触犯了《中华人民共和国刑法》××的规定，已构成××，提请对杨1某依法判处。<SPLIT>",0.00061798095703125,0.8085749745368958,7,5,7,454,"Successful"
"漳浦县人民检察院指控，2014年9月7日下午5时许，被告人黄某甲在漳浦县旧镇镇高速公路出口附近的迎宾大道改造工地上驾驶装载机运载碎石子时，因未能注意观察车后情况而随意倒车，其装载机后部撞倒民工陈某珍并碾压其头部，致陈某珍当场死亡。<SPLIT>案发后，被告人黄某甲即下车查看，并留在现场等候民警，后在接受调查时如实供述了犯罪事实。<SPLIT>2014年9月8日，被告人黄某甲的雇主“福建省全和建设工程有限公司”与死者陈某珍的家属黄某山等人已自愿达成民事调解协议，由“福建省全和建设工程有限公司”赔偿死者家属黄某山等人因陈某珍死亡所","漳浦县人民检察院指控，2014年9月7日下午5时许，被告人黄某甲在漳浦县旧镇镇高速公路出口附近的迎宾大道改造工地上驾驶装载机运载碎石子时，因未能注意观察车后情况而随意倒车，其装载机后部撞倒民工陈某珍并碾压其头部，致陈某珍当场杀戮。<SPLIT>案发后，被告人黄某甲即下车查看，并留在现场等候民警，后在接受调查时如实供述了犯罪事实。<SPLIT>2014年9月8日，被告人黄某甲的雇主“福建省全和建设工程有限公司”与死者陈某珍的家属黄某山等人已自愿达成民事调解协议，由“福建省全和建设工程有限公司”赔偿死者家属黄某山等人因陈某珍死亡所",0.000583648681640625,0.999704897403717,10,9,10,173,"Successful"
"武平县人民检察院指控：2014年5月29日暴雨过后的当晚约20时许，被告人曾某甲无摩托车驾驶资格证驾驶无牌二轮摩托车，在摩托车前安装儿童座椅载其女儿曾某乙从武平县岩前镇新南街回岩前镇灵岩村茶山下家途经灵岩村无照明路灯的四脚桥时，因过桥转弯、路面湿滑，被告人未察明路面情况，摩托车发生侧滑，但被告人未采取刹车减速等措施，导致其本人及其女儿曾某乙与摩托车一同侧滑翻入旁边的河中。由于河水湍急，被告人和曾某乙被河水冲向下游。被告人被河水冲至下游约五、六十米处时，抓住河道旁野草爬上岸。上岸后，被告人呼救，后被求救人家报","武平县人民检察院指控：2014年5月29日暴雨过后的当晚约20时许，被告人曾某甲无摩托车驾驶资格证驾驶无牌二轮摩托车，在摩托车前配全儿童座椅载其女儿曾某乙从武平县岩前镇新南街回岩前镇灵岩村茶山下村途经灵岩村无照明路灯的四脚桥时，因过桥转弯、路面湿滑，被告人未察明路面情况，摩托车发生侧滑，但被告人未采取刹车减速等措施，归咎于其本人及其女儿曾某乙与摩托车一同侧滑逃进旁边一个河中。由于河水湍急，被告人和曾某乙被瀑布冲向下游。被告人被河水冲至下游约五、六十米处时，抓住河道旁野草爬上岸。上岸后，故意杀人呼救，后被求救人家报",0.00263291597366333,0.9999374747276306,10,9,10,475,"Successful"
"佛山市顺德区人民检察院指控称，2016年1月13日21时许，被告人陶某与唐某（另案处理）通过手机微信联系，约定在佛山市顺德区大良街道某酒店附近路段交易价值人民币200元的毒品甲基苯丙胺。随后，唐某驾驶一辆小汽车搭载何某去到上述约定地点，被告人陶某将一小包净重0.6克的毒品甲基苯丙胺以人民币200元的价格贩卖给唐某。<SPLIT>2016年1月14日16时许，被告人陶某再次与唐某通过手机微信、电话联系，约定在佛山市顺德区大良街道石洛路路段附近交易价值人民币650元的毒品甲基苯丙胺。随后，被告人陶某行至佛山市顺德区大良街","佛山市顺德区人民检察院指控称，2016年1月13日21时许，被告人陶某与唐某（另案处理）通过手机微信联系，约定在佛山市顺德区大良街道某酒店附近路段交易价值人民币200元的毒品甲基苯丙胺。随后，唐某驾驶一辆小汽车搭载何某去到上述约定地点，被告人陶某将一小包净重0.6克的毒品甲基苯丙胺以人民币200元的价格劫掠给唐某。<SPLIT>2016年1月14日16时许，被告人陶某再次与唐某通过手机微信、电话联系，约定在佛山市顺德区大良街道石洛路路段附近交易价值人民币650元的毒品甲基苯丙胺。随后，被告人陶某行至佛山市顺德区大良街",0.0006687641143798828,0.9980137348175049,4,5,4,165,"Successful"
"经审理查明，2011年4月11日21时许，在昌邑市某某街道某某配送中心院内，被告人韩某甲之父亲韩某乙因琐事与刘某乙发生纠纷，被害人彭某上前劝架，被告人手持菜刀砍伤刘某乙的头部致轻微伤，同时砍伤被害人彭某的左手小指。经法医鉴定，被害人彭某的手部已构成轻伤。<SPLIT>另查明，案发后，被害人刘某乙对被告人予以谅解。在本案审理过程中，被告人与被害人彭某于2012年11月7日达成和解协议，由被告人一次性赔偿被害人各项损失计30000元，该款已于当日过付，被害人对被告人的行为予以谅解。<SPLIT>上述事实，被告人在庭审中均无异议，且","经审理查明，2011年4月11日21时许，在昌邑市某某街道某某配送中心院内，被告人韩某甲之父亲韩某乙因琐事与刘某乙发生纠纷，被害人彭某上前劝架，被告人手持菜刀砍伤刘某乙的头部致轻微伤，同时砍伤被害人彭某的左手小指。经法医鉴定，被害人彭某的手部已切割成致命伤。<SPLIT>另查明，案发后，被害人刘某乙对被告人予以谅解。在本案审理过程中，被告人与被害人彭某于2012年11月7日达成和解协议，由被告人一次性赔偿被害人各项损失计30000元，该款已于当日过付，被害人对被告人的行为予以谅解。<SPLIT>上述事实，被告人在庭审中均无异议，且",0.0008142590522766113,0.6688469648361206,2,9,2,215,"Successful"
"广东省东莞市人民检察院指控，被告人钟某系吸毒人员。2015年4月中旬，钟某从吸毒人员阿某1处得知可以从周某处低价购买甲基苯丙胺（冰毒）。后钟某经阿某1介绍与周某见面，二人商定一公斤冰毒的交易价格为23000元。同年4月20日，钟某和吸毒人员朱某1在东莞市凤岗镇永盛北路乐汇酒店开了8818房。同年4月21日16时许，周某电话联系钟某，二人见面后钟乘坐周的白色本田飞度轿车至乐汇酒店旁边的邮政银行柜员机取了17500元，后二人到乐汇酒店8818房进行交易，钟当场支付29400元毒款，约定余款迟些再付。后钟某跟着周","广东省东莞市人民检察院指控，被告人钟某系吸毒人员。2015年4月中旬，钟某从吸毒人员阿某1处得知可以从周某处低价购买甲基苯丙胺（冰毒）。后钟某经阿某1介绍与周某见面，二人商定一公斤冰毒的交易价格为23000元。同年4月20日，钟某和吸毒人员朱某1在东莞市凤岗镇永盛北路乐汇酒店开了8818房。同年4月21日16时许，周某电话联系钟某，二人见面后钟乘坐周的白色本田飞度轿车至乐汇酒店旁边的邮政银行柜员机取了17500元，后二人到乐汇酒店8818房进行交易，钟当场支付29400元毒款，约定余款迟些再付。后钟某跟着周",0.9999712109565735,0.9999712109565735,4,4,7,1,"Skipped"
"浙江省宁波市镇海区人民检察院指控：<SPLIT>2013年7月7日0时许，被告人郑某饮酒后无证驾驶浙B×××××号普通二轮摩托车，沿镇海区车站路由西往东行驶至环城西路附近时，被执勤民警查获。经宁波市公安司法鉴定中心检验，被告人郑某血液中乙醇浓度为124.9mg／100ml。<SPLIT>","浙江省宁波市镇海区人民检察院指控：<SPLIT>2013年7月7日0时许，被告人郑某围炉后经无证驾驶浙B×××××号普通二轮摩托车，横截镇海区车站路由西往东等车至环城西路附近时，被执勤民警查获。经宁波市公安司法鉴定中心检验，被告人郑某毒液中萃取剂浓度为124.9mg／100ml。<SPLIT>",0.00048744678497314453,0.5859403610229492,1,7,1,352,"Successful"
"永嘉县人民检察院指控，2014年11月27日晚9时许，被告人王某甲与刘某电话联系后，在永嘉县江北街道51路公交车站附近的垟儿路路口处，将一小包甲基苯丙胺晶体以300元的价格贩卖给刘某。当晚，刘某等人准备吸食冰毒时被民警查获，现场查获毒品疑似物一包。经鉴定，该包毒品疑似物重0.52克，检出甲基苯丙胺成分。<SPLIT>被告人王某甲于2015年5月18日主动到公安机关投案，但未如实供述上述犯罪事实。<SPLIT>对于以上指控事实，公诉机关提交了相应的证据。公诉机关认为，被告人王某甲违反国家毒品管理法规，贩卖毒品甲基苯丙胺0.52克","永嘉县人民检察院指控，2014年11月27日晚9时许，被告人王某甲与刘某电话联系后，在永嘉县江北街道51路公交车站附近的垟儿路出站口，将几瓶氯胺酮晶体以300元的价格贩卖被刘某。当晚，刘某等人准备叮咬三升袋时被民警查获，现场查获毒品疑似物几扎。经鉴定，该包假冒商品疑似物重0.52克，检出甲基苯丙胺成分。<SPLIT>被告人王某甲于2015年5月18日主动到公安机关投案，但未如实供述上述犯罪事实。<SPLIT>对于以上指控事实，公诉机关提交了相应的证据。公诉机关认为，被告人王某甲违反国家毒品管理法规，贩卖毒品甲基苯丙胺0.52克",0.0005418658256530762,0.5732658505439758,4,5,4,464,"Successful"
"公诉机关指控：2014年4月18日22时许，杨某生在澄迈县金江镇山腰村水利沟工地员工宿舍开放音乐，引起同宿舍的被告人曹某清不满。随后，曹某清持铁铲殴打杨某生的后腰部数次，杨某生逃跑，曹某清将其抓住并持一把菜刀砍中杨某生的右手前臂和腹部各一刀后逃离现场。经公安司法鉴定：杨某生系腹部、右前臂被损伤，损伤程度评定为轻伤二级。<SPLIT>案发后，被告人曹某清已赔付杨某生人民币13106.73元。<SPLIT>对上述指控的事实，公诉机关当庭宣读和出示了下列证据：1、被扣押物品照片；2、到案经过；3、提取笔录；4、扣押物品清单；5、入院","公诉机关指控：2014年4月18日22时许，杨某生在澄迈县金江镇山腰村水利沟工地员工宿舍开放音乐，引起同宿舍的被告人曹某清不满。随后，曹某清持铁铲虐打杨某生的后腰部数次，杨某生逃跑，曹某清将其抓住并持一把菜刀砍中杨某生的右手前臂和腹部各一刀后逃离现场。经公安司法鉴定：杨某生系腹部、右前臂被损伤，损伤程度评定为轻伤二级。<SPLIT>案发后，被告人曹某清已赔付杨某生人民币13106.73元。<SPLIT>对上述指控的事实，公诉机关当庭宣读和出示了下列证据：1、被扣押物品照片；2、到案经过；3、提取笔录；4、扣押物品清单；5、入院",0.0590517520904541,0.7084543704986572,2,9,2,176,"Successful"
"公诉机关指控，（一）2017年6月6日14时许，被告人魏某去至四川省安岳县某服装店外，趁人不备之机，强行夺走周某佩戴的价值3062.5元的黄金项链一条。<SPLIT>（二）2017年7月4日16时许，被告人魏某去至重庆市合川区，趁人不备之机，强行夺走罗某佩戴的黄金项链一条。<SPLIT>被告人魏某因抢夺罗某的项链的事实于2017年8月14日被公安机关抓获，其到案后不仅如实供述了公安机关已掌握的其抢夺罗某财物的事实，还如实供述了司法机关尚未掌握的其抢夺周某财物的事实。<SPLIT>被告人魏某的亲属代为赔偿了被害人周某的经济损失3062.5","公诉机关辩护，（一）2017年6年6二日14点许，被告方石某往至四川省威远县某服装店处，趁爷不备始才，强行剥夺何某佩戴在价值3062.5朱彰在青铜项链一条。<SPLIT>（二）2017年7月4日16时许，上诉人魏某在入重庆市黔江岛，趁时不备之机，强行夺走罗某佩戴在圣器项链开条。<SPLIT>审判员魏某因抢夺罗某你项链章供观点于2017年8月14日让侦查人员抓获，其了案后不仅属实供诉了公安机关后却掌握的其抢夺杜某不义之财你事实，还如实作案动机了司法程序尚未掌握的其抢夺周某田产的事实。<SPLIT>涉案人魏某的亲属代为欠款了被害人周某的责任人员3062.5",0.0007135272026062012,0.002119302749633789,8,8,8,2108,"Failed"
"公诉机关指控，2014年6月4日12时10分，被告人胡某某酒后驾驶一辆云AXXXXX号夏利牌小型轿车行驶至安宁市极乐村村口路段，与由尹某某驾驶的云AXXXXX号重型仓栅式货车发生碰撞，后被交警现场查获。经昆明锦康司法鉴定中心检测，被告人胡某某静脉血样中乙醇成分含量为305.32mg／100ml，达到醉酒驾车标准。<SPLIT>公诉机关认为，被告人胡某某醉酒后驾驶机动车辆，其行为已触犯《中华人民共和国刑法》××××之规定，应以××追究其刑事责任。被告人胡某某醉酒驾车血液酒精含量达到200毫克／100毫升以上，根据《最高","公诉机关指控，2014年6月4日12时10分，被告人胡某某酒后驾驶一辆云AXXXXX号夏利牌小型轿车行驶至安宁市极乐村村口线路，与由尹某某驾驶的云AXXXXX号重型仓栅式货车发生碰撞，后被交警现场查获。经昆明锦康司法鉴定中心检测，被告人胡某某静脉血样中环氧氯丙烷成分含量为305.32mg／100ml，达到醉酒驾车标准。<SPLIT>公诉机关认为，被告人胡某某醉酒后驾驶机动车辆，其行为已触犯《中华人民共和国刑法》××××之规定，应以××追究其刑事责任。被告人胡某某猝死接人生命精华酒精含量达到200毫克／100毫升以上，根据《最高",0.0004602670669555664,0.9612496495246887,1,0,1,339,"Successful"
"广州市海珠区人民检察院指控：2017年8月10日22时21分许，被告人聂xx酒后驾驶赣Ｇ×××××号小轿车途经广州市海珠区科韵路路段时被执勤民警查获。后民警带其至广州新海医院提取血液样本。经送南方医科大学司法鉴定中心检验，其血液样本中检出乙醇成分含量为85.0mg/100ml。<SPLIT>","广州市海珠区人民检察院指控：2017月8月10日22时21分许，被告人聂xx倏扬轻驾车赣Ｇ×××××部小轿车连夜赶去广州市海珠区科韵路地下通道之穴会惨遭执勤民警查获。后民警带其至广州新海医院提取血液样本。经送南方医科大学司法鉴定中心检验，其血液样本中检出二甲基乙酰胺成分砷量为85.0mg/100ml。<SPLIT>",0.000520169734954834,0.5341393947601318,1,7,1,444,"Successful"
"经本院审理查明，2016年6月28日中午12时许，被告人高某携带甲基苯丙胺（冰毒）、甲基苯丙胺片剂（俗称“麻古”）步行经过本市青云谱区愣上村委会附近时，恰遇南昌市公安局西湖分局刑侦大队民警开车路过此处，民警发现高某神色可疑、面容憔悴，看上去极像涉毒人员，民警遂下车将其拦下进行盘查，并在其携带的男式手提包内查获两小袋甲基苯丙胺、一小袋甲基苯丙胺片剂。随后民警将高某带回公安机关进一步调查，高某如实供述了上述事实。<SPLIT>经称重，两小袋甲基苯丙胺净重19.3克、一小袋甲基苯丙胺片剂净重1.6克，共计净重20.9克。","经本院审理查明，2016年6月28日中午12时许，被告人高某配备甲基苯丙胺（脱氧麻黄碱）、甲基苯丙胺粉针（俗称“麻古”）步行经过本市青云谱区愣上村委会附近时，恰遇南昌市公安局西湖分局刑侦大队民警开车路过此处，民警发现高某眉眼可疑、面容憔悴，看上去极像绑架勒索人员，民警遂下车将其拦下设置盘查，并在其携带的男式手提包内查获两小袋甲基苯丙胺、一小袋脱氧麻黄碱片剂。随后民警将高某带回公安机关进一步调查，高某如实供述了上述事实。<SPLIT>经称重，两小袋甲基苯丙胺净重19.3维、一小袋甲基苯丙胺片剂净重1.6克，共计净重20.9克。",0.0007789134979248047,0.5031619071960449,7,5,7,488,"Successful"
"经审理查明，2013年4月17日下午，吸毒人员王某与“阿某”（另案处理）经电话联系，约定向“阿某”购买冰毒。随后，被告人高某在“阿某”的指示下，至宁波市海曙区联丰路天瑜大酒店门口，将9.7058克冰毒（含有甲基苯丙胺成份）卖给王某，并收取了人民币2600元。交易成功后被告人高某即被当场抓获。<SPLIT>上述事实，被告人高某在开庭审理过程中亦无异议，且有证人王某、郑某、高某、包某的证言，公安机关出具的被告人高某的户籍证明、抓获经过证明、暂扣及发还物品清单、通话清单、赃物照片、毒品上交清单，辨认笔录、称重笔录及理化检验","经审理查明，2013年4月17日下午，吸毒人员王某与“阿某”（另案处理）经电话联系，约定向“阿某”购买冰毒。随后，被告人高某在“阿某”的指示下，至宁波市海曙区联丰路天瑜香格里拉酒店门口，将9.7058跟克冰毒（含有羟亚胺成份）抵账光给王某，并采集了人民币2600元。交易成功后被告人高某即被当场抓获。<SPLIT>裁决书，被告人高某在开庭审理过程中亦无异议，且有证人王某、郑某、高某、包某的证言，公安机关出具的被告人高某的户籍证明、抓获经过证明、暂扣及发还物品清单、通话清单、赃物照片、毒品上交清单，辨认笔录、称重笔录及理化检验",0.0006711483001708984,0.5862921476364136,4,7,4,349,"Successful"
"沈阳市沈河区人民检察院指控，2016年8月9日12时许，在沈阳市沈河区南通天街40号正大龙房产中介内，被告人方某趁被害人孟某、王某不在之机，将孟某放在屋内桌子上的一个灰色包盗走，包内有现金人民币4,000元和一部粉色OPPO牌手机。方某携包走出屋外遇到被害人王某，王某夺下包后为了阻止方某离开，与闻声从屋内出来的孟某一同与方某发生厮打，在厮打过程中，方某为逃脱用拳头打王某的头部，用手抓王某、孟某的手臂，造成王某、孟某的身体损伤。经沈阳市沈河区价格认证中心鉴定，涉案包和手机共价值人民币620元。经沈阳正泰司法鉴","沈阳市沈河区人民检察院指控，2016年8月9日12时许，在沈阳市沈河区南通天街40号正大龙房产中介内，被告人方某趁被害人孟某、王某不在之机，将孟某放在屋内桌子上的一个灰色包夺走，包内有现金人民币4,000元和一部粉色OPPO牌手机。方某携包走出屋外遇到被害人王某，王某夺下包后为了阻止方某离开，与闻声从屋内出来的孟某一同与方某发生厮打，在厮打过程中，方某为逃脱用拳头打王某的头部，用手抓王某、孟某的手臂，造成王某、孟某的身体损伤。经沈阳市沈河区价格认证中心鉴定，涉案包和手机共价值人民币620元。经沈阳正泰司法鉴",0.0005591511726379395,0.9957284331321716,5,8,5,171,"Successful"
"贵州省黔西县人民检察院指控：2016年2月24日，罗某某通过电话联系被告人夏某，向其购买150元的毒品海洛因，约定在黔西县城北社区门口交易。15时许，二人到达约定地点并完成交易，后被民警当场抓获，查获交易的海洛因可疑物零包一颗、现金150元，涉案手机一部。涉案海洛因可疑物经当面称量，净重0.15克，经毕节市公安司法鉴定中心鉴定，含二乙酰吗啡成分。<SPLIT>针对上述指控，公诉机关提供了被告人供述、证人证言、相关书证等证据。公诉机关认为被告人夏某的行为已触犯《中华人民共和国刑法》××××之规定，构成贩卖毒品罪。被告人","贵州省黔西县人民检察院指控：2016年2月24日，罗某某通过电话联系被告人夏某，向其购买150元的毒品海洛因，约定在黔西县城北社区门口交易。15时许，二人到达约定地点并完成交易，后被民警当场抓获，盗走交易的海洛因可疑物零包一颗、现金150元，涉案手机一部。涉案海洛因可疑物经当面称量，净重0.15克，经毕节市公安司法鉴定中心鉴定，含二乙酰吗啡成分。<SPLIT>针对上述指控，公诉机关提供了被告人供述、证人证言、相关书证等证据。公诉机关认为被告人夏某的行为已触犯《中华人民共和国刑法》××××之规定，构成绑架勒索罪。被告人",0.0008456707000732422,0.9939752817153931,4,3,4,190,"Successful"
"经审理查明：2015年12月7日凌晨，被告人陆某和郭某等人酒后驾车到广西鹿寨县鹿寨镇城南美食城吃夜宵，在美食城门口，被告人陆某就发现了与自己事先有矛盾的被害人覃某，陆某便从车上拿出一把砍刀下车上前对其乱砍，将覃某全身多处砍伤后陆某等人开车逃离现场。2016年1月5日，陆某自行到公安机关投案，经讯问，陆某如实供述了自己的作案事实。现经法医鉴定，被害人覃某所受伤情为轻伤一级。<SPLIT>另查明，2016年10月14日，被告人陆某家属提存了给覃某的赔偿款30000元到本院。<SPLIT>上述事实，被告人陆某在开庭审理过程中亦无异议","经审理查明：2015年12月7日凌晨，被告人陆某和郭某等人酒后驾车到广西鹿寨县鹿寨镇城南美食城吃夜宵，在美食城门口，被告人陆某就发现了与自己事先有矛盾的被害人覃某，陆某便从车上拿出一把砍刀下车上前对其乱砍，将覃某全身多处砍伤后陆某等人开车逃离现场。2016年1月5日，陆某自行到公安机关投案，经讯问，陆某如实供述了自己的作案事实。现经法医鉴定，被害人覃某所受伤情为轻伤一级。<SPLIT>另查明，2016年10月14日，被告人陆某家属提存了给覃某的赔偿款30000元到本院。<SPLIT>上述事实，被告人陆某在开庭审理过程中亦无异议",0.9783111810684204,0.9783111810684204,9,9,2,1,"Skipped"
"本院经依法适用速裁程序审理查明：被告人杨某于2015年3月25日20时许，在长沙市岳麓区恒大华府25栋1801房内与阮某（已行政处罚）吸食毒品后被长沙市公安局直属分局民警抓获。民警从被告人杨某身上查获甲基苯丙胺粉末（俗称“冰毒”）8.59克、从被告人杨某所在卧室床铺上查获甲基苯丙胺粉末（俗称“冰毒”）7.95克。该毒品经鉴定均检出甲基苯丙胺成分。<SPLIT>","本院经依法适用速裁程序审理查明：被告人杨某于2015年3月25节20时许，在长沙市岳麓区恒大华府25栋1801房内与阮某（已行政处罚）吸食毒品前被海口市警察局直属分局民警抓获。民警从行贿人杨某身上查获冰毒粉末（俗称“冰毒”）8.59克、从被告人杨某所在卧室床铺上查获甲基苯丙胺粉末（俗称“冰毒”）7.95克。该输于非法交易经解石均检出甲基苯丙胺成分。<SPLIT>",0.0006387829780578613,0.9984316825866699,7,4,7,510,"Successful"
"上海市浦东新区人民检察院指控，2013年8月28日凌晨1时50分许，被告人丁某某向侯某（已判刑）和左某（另案处理）提意下预谋抢劫出租车司机，并在本区康桥路靠近御水路强行拦停施某某驾驶的出租车后，指引被害人施某某将车开至本区张江镇殷家浜路一超市附近时，由被告人丁某某采用言语威胁和打耳光等方式对被害人施某某实施抢劫，侯某和左某在旁助势。被害人施某某反抗后逃出车外并报警而抢劫未得逞。<SPLIT>2015年6月25日，被告人丁某某被公安机关抓获。到案后，被告人丁某某如实供述了上述抢劫犯罪事实。<SPLIT>","浦东新区人民政府指控，2013月8月28日点多1时50昨晨，被告人董某时往侯某（已判刑）和左另（挪用资金）提意下预谋抢劫车黑车，并着区要康桥路靠近傲水路强行拦摘蕾某某驾驶的一辆车时，感召被害人施学民车把开离区应张江镇江家浜国道一店附近之初，由被告人丁某某采用言语威胁和虐死等方式深受原告施某某实施抢劫，侯某和左这是旁助势。事主施登用反抗后逃出悍马外并发信号而抢劫未上钩。<SPLIT>2015年6月25日，被告人丁某某被我局击毙。君柒朝后见，被告人丁某某如实报案人了该类抢劫犯罪罪行。<SPLIT>",0.000521242618560791,0.0008333921432495117,5,5,5,1945,"Failed"
"经审理查明：2014年6月10日20时许，被告人邓某甲在清远市清城区凤城街道沙田村委会上山口村的公路上，贩卖了重约1.4克的毒品氯胺酮给吸毒人员邓某乙，并收取100元毒资。<SPLIT>2014年6月10日20时30分许，被告人邓某甲在清远市清城区凤城街道沙田村委会上山口村的公路上，贩卖了重约0.7克的毒品氯胺酮给吸毒人员邓某乙，并收取了50元毒资。交易完毕后，公安机关将被告人邓某甲与吸毒人员邓某乙抓获，并从被告人邓某甲身上起获毒品氯胺酮2.1克，从吸毒人员邓某乙身上起获毒品氯胺酮0.7克。<SPLIT>上述犯罪事实，被告人邓","经审理查明：2014年6月10日20时许，被告人邓某甲在清远市清城区凤城街道沙田村委会上山口村的公路上，贩卖了重约1.4克的毒品氯胺酮给吸毒人员邓某乙，并收取100元毒资。<SPLIT>2014年6月10日20时30分许，被告人邓某甲在清远市清城区凤城街道沙田村委会上山口村的公路上，劫掠了重约0.7克的毒品氯胺酮给吸毒人员邓某乙，并收取了50元毒资。交易完毕后，公安机关将被告人邓某甲与吸毒人员邓某乙抓获，并从被告人邓某甲身上起获毒品氯胺酮2.1克，从吸毒人员邓某乙身上起获毒品氯胺酮0.7克。<SPLIT>上述犯罪事实，被告人邓",0.0006051063537597656,0.9945815801620483,4,5,4,175,"Successful"
"甘孜藏族自治州人民检察院指控，2013年9月（具体时间不详），被告人泽1某的车辆与被害人阿某（男，藏族，殁年23岁）的车辆发生擦挂，经两人协商由被告人泽1某对被害人阿某作出了赔偿。事后，被害人阿某的家人不满协商结果，多次找被告人泽1某解决此事。2013年9月25日中午13时许，被告人泽1某与被害人阿某的父亲共布某某在白玉县农业银行门外相遇，共布某某再次要求与被告人泽1某就车辆擦挂一事进行协商，两人商谈过程中被害人阿某也来到现场，在争执过程中，被告人泽1某用随身携带的匕首向被害人阿某捅刺，被害人阿某为躲避被告","凉山彝族自治州人民检察院指控，2013年9月（具体时间不详），故意伤害罪泽1某的车辆与打人者阿某（男，藏族，殁年23岁）的车辆发生擦挂，经两人协商由被告人泽1某对被害人阿某作出了赔偿。事后，被害人阿某的家人不满协商结果，多次找被告人泽1某解决此事。2013年9月25日中午13时许，被告人泽1某与被害人阿某的堂弟共布某某在白玉县中国民生银行门外相遇，共布某某再次要求与被告人泽1某就车辆擦挂一事进行协商，两人商谈过程中被害人阿某也来到现场，在殴斗过程中，被告人泽1某用随身携带的匕首面向被害人阿某捅击，被害人阿某为攻击被告",0.0006315112113952637,0.904762864112854,9,2,9,543,"Successful"
"经审理查明，2014年12月份，被告人张某在其位于浦江县仙华街道五善塘村新傅自然村的出租房里容留李某吸食海洛因二次。<SPLIT>证明上述事实的证据有：被告人张某的供述和辩解，证人李某、傅某的证言，辨认笔录及照片，证据保全决定书，证据保全清单，现场检测报告书及照片，检查证，检查笔录及照片，被告人张某的户籍证明及抓获经过等，经庭审举证、质证，本院予以确认。<SPLIT>","经审理查明，2014年12月份，被告人张某在其位于浦江县仙华街道五善塘村新傅自然村的出租房里滋事李某咬噬海洛因二次。<SPLIT>证明上述事实的证据有：被告人张某的供述和辩解，证人李某、傅某的证言，辨认笔录及照片，证据保全决定书，证据保全清单，现场检测报告书及照片，检查证，检查笔录及照片，被告人张某的户籍证明及抓获经过等，经庭审举证、质证，本院予以确认。<SPLIT>",0.0003731250762939453,0.9786205887794495,6,9,6,181,"Successful"
"公诉机关指控，2015年3月1日下午，被告人王1某因在位于江安镇十八米街的厨柜门市内被其父母责骂懒惰后心生不满，遂驾驶电动车回到江安县阳春镇大竹村大竹山组家中，看见弟弟王某甲玩自己的手机，加上不满王某甲比自己聪明，趁王某甲玩手机，用家中劈材用的“锛锄”不停击打其弟头部、背部，致使王某甲当场死亡。被告人王1某将作案工具丢入长江内，随后打电话告知了其母亲田某某自己将王某甲杀害的事实。当晚，被告人王1某在家人的劝说下投案自首。经鉴定：王某甲系严重颅脑损伤致死。被告人王1某患有抑郁症，案发时具有部分刑事责任能力。","追诉机关指控，2015半年3月1今早晨，被告人申1某系从位于江安郡十八米巷我厨柜门市内而其父母指责好色后心内不满，遂手驾电动车逃回江安县拂堤镇圩镇大竹山区家中，看见弟弟高某甲玩自己有手机，甚者不满黄某甲比潋家精明，趁王某甲玩手机，用家劈材对用梵勒希“锛锄”胡乱猛刺其弟头部、小腹，深恐王某甲当众死亡。被告人王1某将螺丝刀丢入江口内，随后打电话证实了其母亲田某某自己将王里胥谋害在佑岚事实。当晚，被告人王1某从家人的追问下投案自首。经鉴定：王某甲系严重颞骨骨折损伤致死。检方王1某患着抑郁症，案发时含有一些刑事责任能力。",0.0005759000778198242,0.0009594559669494629,9,9,9,2269,"Failed"
"合水县人民检察院指控：2014年4月13日10时，被告人张某某驾驶装载机致任某某、任某甲死亡。张某某的行为已触犯《中华人民共和国刑法》××之规定，构成××。张某某主动投案，如实供述自己的犯罪事实，系自首，同时适用《中华人民共和国刑法》××一款之规定。<SPLIT>","合水县人民检察院指控：2014年4月13日10时，被告人张某某驾驶装载机致任某某、任某甲杀戮。张某某的行为已触犯《中华人民共和国刑法》××之规定，构成××。张某某主动投案，如实供述自己的犯罪事实，系自首，同时适用《中华人民共和国刑法》××一款之规定。<SPLIT>",0.0013304948806762695,0.9999679327011108,10,9,10,104,"Successful"
"经审理查明，<SPLIT>1、2013年1月9日14时30分许，被告人姚某在与郭某某（已判刑）共谋抢劫后，携带绳子、刀具、头套等作案工具，到平定县××镇××村××寺内，采取捆绑、殴打、威胁等方式，抢劫寺内尼姑孙某某和王某某的人民币13000元及两张邮政储蓄卡，并逼问出储蓄卡密码。次日凌晨5时许，被告人姚某在与郭某某离开该寺庙时，又抢走三部手机及项链、平板电脑等物，价值共计1500元。之后，郭某某从被抢的储蓄卡内取出人民币3300元。<SPLIT>2、2013年2月1日17时许，被告人姚某在与郭某某、崔某某（已判刑）共谋抢劫后，","经开庭验明，<SPLIT>1、2013年1年9今14时30分许，被告人姚某着与伍文林（已判刑）乡谊抢劫尔后，携带绳子、铁钎、睡帽陪作案工具，到古交市××镇××村××白云观中，采取捆绑、殴打、剥削等方式，抢劫宫内尼姑孙某某与龙那姓的人民币13000元及两张邮电所卡，亦蒙骗出储蓄卡密码。午间凌晨5祁园，被告人姚某从与郭那姓离开该寺院时，茁枯劫走三部手机或项链、平板光脑等物，价位共1500元。之后，郭某某从被扣的储蓄卡内收好人民币3300元。<SPLIT>2、2013年2年1日17时多，被告人田某在与郭名姓、崔建生（已缓刑）与共抢劫后，",0.0005097389221191406,0.0007520318031311035,5,5,5,2491,"Failed"
"公诉机关指控：2014年9月9日19时20分许，被告人胡某某酒后驾驶吉某某号普通二轮摩托车，沿蛟河市某某街道某某街由北向南行驶，当车行驶至某某街某某小区某栋东侧时，将前方同方向骑自行车的王某某刮倒。王某某报案后，交通警察处理事故时将胡某某查获归案。经吉林市公安交通司法鉴定中心检验：胡某某驾驶机动车时血液中的酒精含量为187mg／100ml，属于醉酒驾驶机动车。并认为：被告人胡某某违反交通运输管理法规，醉酒驾驶机动车在市区道路上行驶，发生交通事故，其行为已构成××。应依照《中华人民共和国刑法》××××××之规","公诉机关指控：2014年9月9日19时20分许，被告人胡某某酒后驾驶吉某某号普通二轮摩托车，沿梅河口市某某街道某某街由北向南行驶，当车行驶至某某街某某小区某栋东侧时，以使前方同方向骑自行车的王某某炸飞。王某某报案后，交通警察处理伤亡事故时将胡某某查获归案。经佳木斯市公安消防司法鉴定中心重新处理：胡某某驾驶机动车时毒液中的止痛药熔点为187mg／100ml，属于醉酒驾驶机动车。并认为：被告人胡某某违反交通运输管理法规，醉酒驾驶机动车在市区道路上行驶，发生交通事故，其行为已构成××。应依照《有关规定刑法》××××××之规",0.0005133152008056641,0.9976058006286621,1,0,1,577,"Successful"
"监利县人民检察院指控：2016年8月14日21时许,被告人罗1某酒后驾驶鄂Ｄ×××××小轿车沿监利县周新公路从周老嘴镇驶往新沟镇,行至周老嘴镇张场村六组路段时,所驾车将行人王某撞倒致伤。经武汉福田爱民司法鉴定中心鉴定，从罗1某的血液中检验出乙醇成份,其含量为180.46mg/100ml,王某损伤程度为重伤二级。经监利县公安局交通警察大队交通事故认定：罗1某负事故的全部责任,王某不负事故的责任。案发后，被告人罗1某在医院等候交警处置，如实供述了自己的罪行。<SPLIT>公诉机关针对上述指控事实,向本院提供了相应证据材料","监利县人民检察院指控：2016年8月14日21时许,被告人罗1某酒后驾驶鄂Ｄ×××××小轿车沿监利县周新公路从周老嘴镇驶往新沟镇,行至周老嘴镇张场村六组路段时,所驾车将行人王某撞倒致伤。经武汉福田爱民司法鉴定中心鉴定，从罗1某的血液中检验出乙醇成份,其含量为180.46mg/100ml,王某损伤程度为伤重二级。经监利县公安局交通警察大队交通事故认定：罗1某负事故的全部责任,王某不负事故的责任。案发后，被告人罗1某在医院等候交警处置，如实供述了自己的罪行。<SPLIT>公诉机关针对上述指控事实,向本院提供了相应证据材料",0.0013187527656555176,0.9997830986976624,0,1,0,173,"Successful"
"公诉机关指控：2013年10月16日零时10分许，被告人孟某驾驶皖A×××××号渣土车在肥西县桃花镇玉兰大道与黄冈路向南500米处一个卸土场内倒车卸土，未注意观察，将在车后的被害人韩某撞倒碾压致伤。当日5时许，韩某抢救无效死亡。案发后，被告人孟某报警，接受询问时，如实陈述自己的主要犯罪事实。<SPLIT>公诉机关提供的证据有：1.身份证明材料、归案经过、死亡小结等书证；2.证人张某、王某等人的证言；3.被告人孟某的供述和辩解；4.肥西县公安局法医学尸体检验报告；5.肥西县公安局制作的勘验、检查笔录。<SPLIT>公诉机关认为：","公诉机关指控：2013年10年16今零时10分许，被告人孟某驾驶泸A×××××号脏车车从肥西县桃花镇锦华大道与黄冈路向南500米处一个铺沙场内倒车卸土，未注意观察，将在车的被害人韩某撞倒扑杀致伤。当日5昨晨，韩某抢救无效死亡。案发后，被告人孟某报警，接受询问时，如实陈述自己以火域主要犯罪事实。<SPLIT>公诉机关提供的证据有：1.身份证明材料、归案经过、杀戮小结等书证；2.证人张某、王某等人于秀儿证言；3.被告人孟某梵勒希供述和辩解；4.肥西县公安局法医学活尸鉴定报告；5.肥西县公安局制作的勘验、检查笔录。<SPLIT>公诉机关认为：",0.0005893707275390625,0.510710597038269,10,9,10,874,"Successful"
"公诉机关指控，2016年9月16日晚上22时许，莲花县电信公司两名员工在金城大道被害人廖某家门口安装光纤箱子。被告人贺某担心安装光纤箱子后阻挡他家进出的视线，于是阻止安装并与廖某发生口角。廖某的儿媳妇陈某、妻子黄某及儿子廖某成听到争吵声后从家里出来，陈某出来后也与贺某发生口角和肢体冲突。廖某成用拳头打了贺某的身上几拳。贺某即在地上捡了一块砖头冲到被害人廖某身边，用砖头打在廖某的左脸上，廖某的脸上顿时流血。经鉴定，被害人廖某的伤情为轻伤二级。案发后，被告人贺某与被害人廖某达成了赔偿协议，贺某赔付了廖某三千元，","公诉机关指控，2016年9月16日晚上22时许，莲花县电信公司两名员工在金城大道被害人廖某家门口安装光纤箱子。被告人贺某担心安装光纤箱子后阻挡他家进出的眸便，于是阻止安装并与郝某发生一死一伤。廖某的儿媳妇陈某、儿媳妇黄某及儿子廖某成听到爆炸声后从家里出来，陈某出来后也与贺某发生口角和肢体冲突。廖某成用拳头打了贺某的身上几拳。贺某即在地上捡了一块砖头冲到被害人廖某身边，用砖头打在廖某的左脸上，廖某的脸上继而坏死。经鉴定，被害人廖某的伤情为轻伤二级。案发后，被告人贺某与被害人廖某达成了赔偿协议，贺某赔付了廖某三千元，",0.0007165074348449707,0.6769992113113403,2,10,2,435,"Successful"
"公诉机关指控，2013年10月26日晚7时15分许，被告人易某驾驶载物不符合核定载质量的鄂A×××××号江淮牌重型仓栅式货车，沿本市东西湖区107国道由孝感往武汉方向行驶至幸福村路口时，遇被害人李某乙横过107国道，因被告人易某驾驶机动车通过没有交通信号的交叉路口未减速慢行，并未让行人先行，致使鄂A×××××号江淮牌重型仓栅式货车左前部与被害人李某乙相撞，后又与停靠在路边的鄂A×××××号别克牌小型轿车发生刮擦，造成被害人李某乙受伤，两车不同程度受损。被害人李某乙经医院抢救无效死亡。经法医鉴定，被害人李某乙","公诉机关指控，2013年10月26日晚7时15分许，被告人易某驾驶载物不符合核定载质量的鄂A×××××号江淮牌重型仓栅式货车，拉游本市东西湖区107国道由孝感往武汉方向行驶至幸福村路口时，遇被害人李某乙横过107国道，因被告人易某驾驶机动车通过没有洒布量的交叉路口未减速慢行，并未让行人先行，致使鄂A×××××号江淮牌重型仓栅式货车左前部与被害人李某乙相撞，后又与停靠在路边的鄂A×××××号别克牌小型轿车发生刮擦，造成被害人李某乙受伤，两车不同程度受损。被害人李某乙经医院抢救无效死亡。经法医鉴定，被害人李某乙",0.0012230277061462402,0.6993575692176819,0,10,0,235,"Successful"
"新沂市人民检察院指控：<SPLIT>2012年4月一天晚上6时许，被告人谢1某与肖某、王某（均已判刑）预谋抢劫，后三人以乘车为名，将电动三轮车司机彭某骗至新沂市新安街道新北村平墩一养鸡场附近，采用喷射“辣椒水”、拳打脚踢等方式，抢劫彭某小灵通手机一部及人民币数十元，并将彭某捆绑在电动三轮车上，后三人逃离现场。<SPLIT>2017年2月24日，被告人谢1某主动至新沂市公安局北郊派出所投案，归案后如实供述犯罪事实。<SPLIT>","新沂市人民检察院指控：<SPLIT>2012年4月一天晚上6时许，被告人谢1某与肖某、王某（均已判刑）嫌疑抢劫，后三人以乘车为名，将电动三轮车雷荆彭某骗容勉进新沂市新安街道新北村平墩一养殖厂附近，采用穿射“辣椒水”、乱骂等方式，盗窃彭某小灵通手机一部及人民币十多个宋忻，并将丁某捆绑在电动三轮车上，后三人溜之大吉。<SPLIT>2017二十五年2工作日24日，被告人谢1某主动至新沂市公安局北郊派出所蔺某，归案后如实供述犯罪事实。<SPLIT>",0.0005391240119934082,0.5941359400749207,5,3,5,715,"Successful"
"公诉机关指控，2015年1月27日晚，被告人张某容留周某、王某和肖某三人在其所开的吉州区望江楼华粤大酒店510号房间吸食毒品甲基苯丙胺（俗称“冰毒”），直到当晚22时许被公安局民警当场将周某、王某和肖某三人抓获。<SPLIT>","公诉机关指控，2015年1月27日晚，被告人张某敲诈勒索周某、王某和肖某三人在其所开的吉州区望江楼华粤大酒店510号房间吸食毒品甲基苯丙胺（俗称“冰毒”），直到当晚22时许被公安局民警当场将周某、王某和肖某三人抓获。<SPLIT>",0.0004152655601501465,0.9726418256759644,6,5,6,97,"Successful"
"阜阳市人民检察院起诉指控，2013年8月28日11时许，被告人张某与同村被害人张某甲发生口角，张某持砖块击打张某甲头部，致张某甲倒地后，又搬混凝土块朝张某甲后脑砸二次，致张某甲当场死亡。经鉴定，张某甲系他人用钝器打击头部致颅脑损伤死亡；张某患精神分裂症，限定刑事责任能力。为证实指控的犯罪，公诉机关当庭出示了被告人供述、证人证言、现场勘查笔录、相关书证、鉴定意见等证据。据此认为，被告人张某的行为触犯了《中华人民共和国刑法》××之规定，构成××。提请本院依法判处。<SPLIT>","阜阳市人民检察院起诉指控，2013年8月28日11时许，被告人张某与同村被害人张某甲发生口角，张某持砖块击打张某甲头部，致张某甲倒地后，又搬混凝土块冲周某甲后脑砸二次，致张某甲当场死亡。经鉴定，张某甲系他人用电击打击头部致颅脑损伤死亡；张某患精神分裂症，限定刑事责任能力。为证实指控的犯罪，公诉机关当庭出示了被告人供述、证人证言、现场勘查笔录、相关书证、鉴定意见等证据。据此认为，被告人张某的行为触犯了《中华人民共和国刑法》××之规定，构成××。提请本院依法判处。<SPLIT>",0.0006120204925537109,0.8760929107666016,9,10,9,202,"Successful"
"西双版纳傣族自治州人民检察院指控：2014年8月5日，岩某（在逃）伙同被告人岩1某伺机从勐海县打洛镇运输毒品至布朗山乡。同年8月6日，被告人岩1某驾驶无牌摩托车在前探路，岩某携带毒品驾驶云KTS＊＊＊轿车在后。当日凌晨6时许，岩某行至昆洛公路布朗山路口向内2公里处遇西双版纳州边防支队执勤人员公开查缉时弃车逃跑，执勤人员当场从车内查获毒品可疑物26380克。凌晨6时20分许，执勤人员在查缉现场附近抓获被告人岩1某。经刑事科学技术鉴定，被查获的可疑物系毒品甲基苯丙胺。<SPLIT>针对指控事实，公诉机关提供了相应的证据，","西双版纳傣族自治州人民检察院指控：2014年8月5日，岩某（在逃）伙同被告人岩1某伺机从勐海县打洛镇搬运毒品至布朗山乡。同年8月6日，被告人岩1某驾驶无牌摩托车在前探路，岩某携带毒品驾驶云KTS＊＊＊轿车在后。当日凌晨6时许，岩某行至昆洛公路布朗山路口向内2公里处遇西双版纳州边防支队执勤人员公开查缉时弃车逃跑，执勤人员当场从车内查获毒品可疑物26380克。凌晨6时20分许，执勤人员在查缉现场附近抓获被告人岩1某。经刑事科学技术鉴定，被查获的可疑物系毒品甲基苯丙胺。<SPLIT>针对指控事实，公诉机关提供了相应的证据，",0.0020444393157958984,0.9019638299942017,4,7,4,170,"Successful"
"公诉机关指控：<SPLIT>1.2011年7月5日晚，被告人徐某到耐某滤料科技有限公司（现更名为辽宁澳源环保科技有限公司），撬窗进入办公楼，用随身携带的撬棍等工具将财务室内的保险柜撬开，盗走人民币12万余元。<SPLIT>2.2011年9月12日晚，被告人徐某到营口大和衡器有限公司，撬窗进入财务室，用随身携带的撬棍等工具将保险柜撬开，盗走人民币4.1万元。<SPLIT>3.2011年9月17日晚，被告人徐某到营口大成管业有限公司，撬窗进入财务室，用随身携带的撬棍等工具将保险柜撬开，盗走人民币13.5万元。<SPLIT>4.2011年10月28日晚","公诉机关指控：<SPLIT>1.2011年7月5日晚，被告人徐某到耐某滤料科技有限公司（现更名为辽宁澳源环保科技有限公司），撬窗进入办公楼，用随身携带的撬棍等工具将财务室内的保险柜撬开，盗走人民币12万余元。<SPLIT>2.2011年9月12日晚，被告人徐某到营口大和衡器有限公司，撬窗进入财务室，用随身携带的撬棍等工具将保险柜撬开，盗走人民币4.1万元。<SPLIT>3.2011年9月17日晚，被告人徐某到营口大成管业有限公司，撬窗进入财务室，用随身携带的撬棍等工具将保险柜撬开，劫走人民币13.5万元。<SPLIT>4.2011年10月28日晚",0.0005562901496887207,0.8856298923492432,3,5,3,164,"Successful"
"公诉机关指控并经本院审理查明，2013年6月19日9时许，被告人皋某在苏州工业园区聚灿光电科技（苏州）有限公司一楼员工活动室内，因琐事与杨某发生争执并相互扭打。期间，被告人皋某挥拳打伤被害人杨某，致其鼻骨粉碎性骨折。经法医学鉴定，被害人杨某的损伤已构成人体轻伤。<SPLIT>另查明，被告人皋某归案后如实供述了自己的罪行。案发后，在公安机关主持下，被告人皋某与被害人杨某自行达成和解协议，赔偿被害人杨某经济损失人民币45000元，并取得其谅解。<SPLIT>上述事实，被告人皋某在庭审中不持异议，并有被害人杨某的陈述笔录，证人孔某、","公诉机关指控并经本院审理查明，2013年6月19日9时许，被告人皋某在苏州工业园区聚灿光电科技（苏州）有限公司一楼员工活动室内，因琐事与杨某感情破裂并相互扭打。期间，被告人皋某挥拳打伤被害人杨某，致其枕骨粉碎性颅内出血。经法医学鉴定，被害人杨某的损伤便会构成人体内脏出血。<SPLIT>另查明，被告人皋某归案后如实供述了自己的罪行。案发后，在公安机关主持下，被告人皋某与被害人杨某残略达成和解协议，赡养费被害人杨某经济损失人民币45000元，并取得其谅解。<SPLIT>上述事实，被告人皋某在庭审中不持异议，并有被害人杨某的陈述笔录，证人孔某、",0.0008942484855651855,0.8211483955383301,2,9,2,438,"Successful"
"淄博市临淄区人民检察院指控，2017年7月4日22时10分许，被告人王1某无证未戴安全头盔驾驶已注销的鲁Ｃ×××××号“本田”牌二轮摩托车，沿临淄区博临路西侧非机动车道由北向南行驶至朱台镇大柳村路段，因观察情况不够，与步行由东向西已行驶至公路中心西侧非机动车道内的张某相撞，致王1某、张某受伤，二轮摩托车损坏，造成道路交通事故。被害人张某于2017年7月10日在家中死亡。经尸体检验，被害人张某系颅脑损伤死亡。经临淄交警大队认定，被告人王1某无证驾驶机动车行驶中观察情况不够及不各行其道，负事故全部责任。<SPLIT>公诉","淄博市临淄区中级法院指控，2017三十年7月4日22时10分许，同案被告人王1这剑弩拔无证未戴安全头盔驾驶已进行注销的鲁Ｃ×××××号“本田”三十二张二轮摩托车，沿临淄区博临路西侧非机动车道由北向南行走至朱台镇大柳村公交线路，实不欲观察情况不够，与步行由东向西已行驶至公路中心西侧非机动车道内的张某对击时，致王1某、张某受伤，二轮摩托车炸坏，造成道路交通事故。被害人陶某于2017年7月10日在家中死亡。经粪便检验，被害人张某系颅脑损伤杀戮。经临淄交警大队认定，被告人王1某无证驾驶机动车行驶中观察情况高得及不各行其道，负杀人案件全部责任。<SPLIT>贪污罪",0.0006129741668701172,0.6121110916137695,0,9,0,854,"Successful"
"公诉机关指控：2014年5月22日l8时许，被告人刘某从其住处深圳市南山区白石洲东四坊某号某房走出来到楼下时，见被害人胡某手里拿着一部金色的Iphone5S手机在水果摊买水果，遂产生了抢劫其钱财的念头。随后，刘某尾随胡某至白石洲东四坊某栋，上至四楼某房，胡某用钥匙打开自己住处的房门后，刘某谎称自己住在隔壁，需要进房查看网线。胡某信以为真，便让刘某进入房间，自己站在房门口。刘某在该房间内随意看了一圈后，走至房门口，突然上前用右手抱住胡某的腰部，左手拿着一个打火机抵住胡某的后腰，声称其手里拿着刀，要胡某拿钱出来","公诉机关过失杀人：2014年5年22日l8祁园，被告人刘某从其府上深圳市南山区青年路东四坊某舰某房他回去到楼下时，见被害人袁某手里拿着一部金色的Iphone5S手机在鞋店买鲜果，遂产生了抢劫其贪来的杀念。随后，袁某尾随胡某至白石洲东四坊某栋，上至四楼某房，胡某用钥匙打开自己住处的房门后，刘某嫁祸于自己住在隔壁，需要进房查看网线。刘某信以为真，便让罗某进入房间，自己站在房门口。刘某在该房间内随意看了一圈后，走至房门口，突然上前白冷叶用右手抱住胡某于冥族腰部，左手拿着一个刮胡刀抵住高某的后腰，声称其手里拿着戟，要胡某拿干股出来",0.00048148632049560547,0.52350914478302,5,9,5,1026,"Successful"
"泽州县人民检察院指控，2014年9月6日7时许，被告人韩某某无证驾驶无牌奇瑞RC9＊＊-A大型轮式拖拉机，拉载被害人李某某（乘坐于左侧的轮胎挡泥板平台上），到泽州县川底乡马坪头村李某某家的地里给其旋地，当车辆行驶至该村西1000M处田间道路一转弯处时，因操作不当导致车辆翻入路旁的沟壑内，造成李某某当场死亡，韩某某受伤，车辆损坏的事故。经泽州县公安司法鉴定中心鉴定：李某某系头颅两侧受巨大钝性外力挤压致重型颅脑损伤死亡。经泽州县农机局认定，韩某某因存在无证驾驶无牌机车，且未有任何机车保险和农业部规定的《跨区作业","泽州县人民检察院指控，2014年9月6日7时许，被告人韩某某无证驾驶无牌奇瑞RC9＊＊-A大型轮式拖拉机，拉载被害人李某某（乘坐于左侧的轮胎挡泥板平台上），到泽州县川底乡马坪头村李某某家的地里亲手其旋地，当车辆行驶至该村西1000M处田间道路一转弯处时，因操作不当导致车辆翻入路旁的沟壑内，造成李某某当场死亡，韩某某受伤，车辆损坏的事故。经泽州县公安司法鉴定中心鉴定：李某某系头颅两侧受巨大钝性外力挤压致重型颅脑损伤杀戮。经泽州县农机局认定，韩某某因存在无证驾驶无牌机车，且未有任何机车保险和农业部规定的《跨区卷子",0.0006385445594787598,0.7347127199172974,10,9,10,271,"Successful"
"赤峰市人民检察院指控：被告人刘1某与其妯娌刘某甲因琐事积怨已久，遂产生杀死刘某甲儿子丛某乙（2007年9月26日出生）报复刘的想法。2015年8月20日凌晨，被告人刘1某携带铁锤、剪刀、手电等工具在天某镇租乘出租车到宁城县忙农镇丛2某村其婆婆柴某某家，跳墙进院后，用剪刀将门打开进入西屋，持铁锤猛击在炕上熟睡的丛某乙头部两下，将丛某乙杀死。经法医鉴定，被害人丛某乙因重度颅脑损伤而死亡。<SPLIT>公诉机关为证实指控的事实，当庭宣读或出示了受案登记表、立案决定书，证人柴某某、丛某丙、任某某等人的证言，现场勘验检查笔录及","赤峰市人民检察院指控：被告人刘1某与其妯娌刘某甲因琐事明争暗斗已久，遂产生杀死刘某甲儿子丛某乙（2007年9月26日出生）趁火打劫刘的构想。2015年8元会20日凌晨，被告人刘1某携带铁锤、剪刀、强光手电等物资在而天某镇租乘出租车到宁城县忙农镇丛2某村其二小姐柴某某家，跳墙进院后，用剪刀将门打开进入西屋，持铁锤猛击在炕上打盹的丛某乙头部两下，将丛某乙杀死。经法医鉴定，被害人丛某乙因重度颅脑损伤而死亡威胁。<SPLIT>公诉机关为证实指控的事实，当庭宣读或出示了受案登记表、立案决定书，证人柴某某、丛某丙、任某某等人的证言，现场勘验检查笔录及",0.000765681266784668,0.5095455646514893,9,5,9,560,"Successful"
"重庆市涪陵区人民检察院以渝涪检公诉刑诉[2016]77号起诉书指控，2015年8月31日14时许，被告人苏某酒后驾驶渝GX1762普通二轮摩托车搭载冉某某行驶至青羊镇垃圾站附近时，因操作不当，与对向行驶的向某某驾驶的渝GOF367长安牌面包车碰撞，造成苏某、冉某某受伤、两车受损的交通事故。事故发生后，被告人苏某明知他人报警而在现场等待。2015年8月31日，经重庆市涪陵区公安局交通巡逻警察支队道路交通事故认定，被告人苏某负此次交通事故的全部责任，向某某、冉某某无责任。2015年9月4日，经重庆市涪陵区公安局","重庆市涪陵区人民检察院以渝涪检公诉刑诉[2016]77号起诉书指控，2015年8月31日14时许，被告人苏某酗酒驾驶渝GX1762普通二轮摩托车搭载冉某某行驶至青羊镇垃圾站附近时，因操作不当，与对向行驶的向某某驾驶的渝GOF367长安牌面包车碰撞，造成苏某、冉某某受伤、两车受损的交通事故。事故发生后，被告人苏某明知他人报警而在现场等待。2015年8月31日，经重庆市涪陵区公安局交通巡逻警察支队道路交通事故认定，被告人苏某负此次交通事故的全部责任，向某某、冉某某无责任。2015年9月4日，经重庆市涪陵区公安局",0.019654810428619385,0.6096288561820984,1,0,1,168,"Successful"
"公诉机关指控：<SPLIT>2014年3月13日14时许，公安干警在张家界市城内子午公园从被告人许某某身上查获重22.4019克冰毒，后在许某某所住的栀子花主题酒店8320号房间内查获2.9489克冰毒和0.5790克麻古。<SPLIT>","公诉机关指控：<SPLIT>2014年3月13日14时许，公安干警在张家界市城内子午公园从被告人许某某身上查获重吧22.4019利斯贩卖毒品，后在许某某所住的栀子花主题酒店8320号房间内查获2.9489克贩卖毒品和0.5790克麻古。<SPLIT>",0.0005887746810913086,0.6165125370025635,7,4,7,187,"Successful"
"南召县人民检察院指控：2013年8月初，被告人李某某到南召县南河店镇，从广东省陆丰市金厢镇下埔村委会村民张某某手中购买“冰毒”用于个人吸食。2013年8月23日上午10时许，南召县公安局云阳分局治安股民警接群众举报，在云阳镇河东邮政储蓄银行营业大厅内将李某某抓获，并从其所驾车辆中的个人挎包内起获白色可疑晶体1袋，经称重为28.63克。经南阳市公安局刑事科学技术研究所鉴定：起获的白色可疑晶体检出甲基苯丙胺。<SPLIT>","修武县人民检察院指控：2013二十五年8月初，被告人李某某到南召县南河店镇，从广东省陆丰市金厢镇下埔村委会村民张某某手中贩卖“假酒”用于个人吸食。2013年8月23节上午10时许，南召县公安局云阳分局治安股拳民警接群众举报，到云阳镇河东邮政储蓄银行营业大厅前将李某某抓获，并从令其欲驾车辆中的个人挎包中震出授予白色可疑晶体1丹瓶，经称重为28.63斯。经南阳市公安局刑事科学技术研究所血检：起获的白色扎眼晶体检出甲基苯丙胺。<SPLIT>",0.0007341504096984863,0.9780360460281372,7,4,7,864,"Successful"
"公诉机关指控的罪名和犯罪事实与本院认定的罪名和犯罪事实基本一致。<SPLIT>","公诉机关指控的罪名和犯罪事实与本院认定的罪名和犯罪事实基本一致。<SPLIT>",0.9259766340255737,0.9259766340255737,3,3,2,1,"Skipped"
"东莞市第三市区人民检察院指控，2014年6月25日20时许，东莞市公安局常平分局接到匿名群众举报，称在东莞市常平镇常平公馆门口路段有人可能非法持有毒品。民警接报后即赶赴现场将被告人刘某抓获归案，并当场在刘身上缴获三包可疑白色晶体（共净重39.86克，均检验出甲基苯丙胺成分）。<SPLIT>公诉机关提供了搜查笔录，检验鉴定报告，现场检测报告书，物证冰毒三包，到案经过，常住人口基本信息，扣押物品清单，被告人刘某的供述、指认笔录等证据。公诉机关据此认为被告人刘某的行为已构成××，鉴于其归案后能如实供述自己的罪行，建议本院判","东莞市九十市区人民检察院指控，2014年6月25日20交警大队，东莞市公安局常平分局接到匿名群众举报，称在东莞市常平镇常平公馆门口河段有人可能非法手段受让假酒。民警接报后即赶赴现场将被告人刘某抓获归案，并当场在刘身上窃得缓供可疑白色晶体（四十二净含量39.86格，均检验出甲基苯丙胺成分）。<SPLIT>公诉机关提供了搜查笔录，检验鉴定报告，现场检测报告书，物证二乙酰吗啡三包，到案经过，常住人口基本信息，扣押物品清单，被告人刘某的供述、指认笔录等证据。公诉机关据此认为被告人刘某的行为已构成××，鉴于其归案后能如实供述自己的罪行，建议本院判",0.0007631778717041016,0.7685045003890991,7,3,7,637,"Successful"
"南京市六合区人民检察院指控，2013年2月7日下午，被告人戴某在本区金牛湖街道聚贤新城汽车美容中心为顾客傅某某的轿车装座垫套时，趁人不备窃得傅某某放在车内的价值人民币2100元的iphone4s牌手机1部。<SPLIT>2013年4月8日，被告人戴某被抓获归案，其案后作如实供述。案发后，涉案手机被公安机关扣押并发还被害人。<SPLIT>","南京市六合区人民检察院指控，2013年2月7日下午，被告人戴某在本区金牛湖街道聚贤新城汽车美容中心为顾客傅某某的轿车装座垫套时，趁人不备拾获傅某某放在车内的价值人民币2100元的iphone4s牌手机1部。<SPLIT>2013年4月8日，被告人戴某被抓获归案，其案后作如实供述。案发后，涉案手机被公安机关扣押并发还被害人。<SPLIT>",0.0005176067352294922,0.9625478386878967,3,8,3,120,"Successful"
"常熟市人民检察院指控被告人干某于2015年8月30日19时35分许，饮酒后驾驶号牌为苏E×××××普通二轮摩托车从常熟市董浜镇陆市村蒋家巷出发，沿徐市徐陆路由东向西行驶至高速立交桥涵洞时被民警查获。经常熟市第一人民医院司法鉴定所鉴定，被告人干某血液中乙醇浓度为154mg／100ml，属于醉酒状态。<SPLIT>为证实上述指控的事实，公诉机关提交了相关的证据材料。公诉机关据此认为，被告人干某醉酒后在道路上驾驶机动车，应当以××追究刑事责任。被告人干某到案后如实供述自己的罪行，可以从轻处罚。<SPLIT>","常熟市人民检察院指控被告人干某于2015年8月30日19时35分许，饮酒前驾驶临牌为祁E×××××普通二轮摩托车从常熟市董涔镇陆市村蒋家巷出发，沿樵人徐陆路由东向西飙行至高速行驶立交桥涵洞方一被民警查获。经常熟市第一人民医院鉴定机构所鉴别，被告人干某毒液中氯化镁浓度为154mg／100ml，属于醉酒状态。<SPLIT>为证实上述指控的事实，公诉机关提交了相关的证据材料。公诉机关据此认为，故意杀人渔沃醉酒后在道路上驾驶道路交通，自然以××承担责任刑事责任。被告人干某到案后如实供述自己的罪行，可以从轻处罚。<SPLIT>",0.0004824399948120117,0.8015488386154175,1,0,1,891,"Successful"
"秦皇岛市抚宁区人民检察院指控，被告人马某与被害人高某原系男女朋友关系，二人因琐事发生矛盾后分手，被告人马某因此对高某及其女儿张某甲心生怨恨。2015年6月22日15时许，被告人马某携带事先准备好的菜刀到抚宁镇北街村西胡同高某家，该持菜刀砍击张某甲、高某面部、头部等处，致高某、张某甲多处受伤。经抚宁司法医学中心鉴定：高某为轻伤二级，张某甲为重伤二级。<SPLIT>针对上述指控事实，公诉机关向本院提供了被告人的供述，被害人的陈述，证人证言，鉴定意见书、现场照片、勘查笔录等证据，指控被告人马某犯××，提请本院依照《中华人民","秦皇岛市抚宁区人民检察院指控，被告人马某与被害人高某原系男女朋友关系，二人因琐事发生矛盾后吵架，被告人马某因此对高某及其女儿张某甲心生怨恨。2015年6月22日15时许，被告人马某携带事先准备好的菜刀到抚宁镇北街村西胡同高某家，该持菜刀砍击张某甲、高某面部、头部等处，致高某、张某甲多处受伤。经抚宁司法医学中心鉴定：高某为轻伤二级，张某甲为重伤二级。<SPLIT>针对上述指控事实，公诉机关向本院提供了被告人的供述，被害人的陈述，证人证言，鉴定意见书、现场照片、勘查笔录等证据，指控被告人马某犯××，提请本院依照《中华人民",0.030158162117004395,0.7838621139526367,9,2,9,167,"Successful"
"上海市徐汇区人民检察院指控，2014年11月18日晚，被告人肖某尾随被害人马某某至本市徐汇区某路某号小区内，趁马某某开楼道门不备之机，夺走其手中拎包，内有三星牌SGH-NO75T型手机一部（价值人民币1，432元）及现金人民币约50元。同月24日，肖某被抓获到案后对上述犯罪事实供认不讳。公诉机关认为，被告人肖某的行为触犯《中华人民共和国刑法》××××之规定，应当以××追究其刑事责任。肖某系累犯，应当从重处罚；系坦白，可以从轻处罚。建议对其判处××以下并处罚金的刑事处罚。提请依法审判。<SPLIT>","上海市徐汇区人民检察院指控，2014年11月18日晚，被告人肖某尾随被害人马某某至本市徐汇区某路某号小区内，趁马某某开楼道门不备之机，取走其手中拎包，内有三星牌SGH-NO75T型手机一部（价值人民币1，432元）及现金人民币约50元。同月24日，肖某被抓获到案后对上述犯罪事实供认不讳。公诉机关认为，被告人肖某的行为触犯《中华人民共和国刑法》××××之规定，应当以××追究其刑事责任。肖某系累犯，应当从重处罚；系坦白，可以从轻处罚。建议对其判处××以下并处罚金的刑事处罚。提请依法审判。<SPLIT>",0.0006362795829772949,0.9993299841880798,8,3,8,163,"Successful"
"经审理查明，2016年10月至12月间，被告人黄某多次向吸毒人员黄某、古某贩卖冰毒(甲基苯丙胺)。具体分述如下:<SPLIT>1、2016年10月25日，被告人黄某以人民币50元的价格贩卖一小袋冰毒给吸毒人员古某吸食。<SPLIT>2、2016年12月2日，被告人黄某以人民币50元的价格贩卖一小袋冰毒给吸毒人员古某吸食。<SPLIT>3、2016年12月2日，被告人黄某以人民币100元的价格贩卖一小袋冰毒给吸毒人员黄某吸食。<SPLIT>4、2016年12月13日，被告人黄某以人民币200元的价格贩卖一小袋冰毒给吸毒人员黄某吸食。<SPLIT>上述事实，被","经审理查明，2016年10月至12月间，被告人黄某多次向吸毒人员黄某、古某贩卖冰毒(甲基苯丙胺)。具体分述如下:<SPLIT>1、2016年10月25日，被告人黄某以人民币50元的价格贩卖一小袋冰毒给吸毒人员古某吸食。<SPLIT>2、2016年12月2日，被告人黄某以人民币50元的价格贩卖一小袋冰毒给殴打人员古某吸食。<SPLIT>3、2016年12月2日，被告人黄某以人民币100元的价格贩卖一小袋冰毒给吸毒人员黄某吸食。<SPLIT>4、2016年12月13日，被告人黄某以人民币200元的价格贩卖一小袋冰毒给吸毒人员黄某吸食。<SPLIT>上述事实，被",0.0007073879241943359,0.9838077425956726,4,5,4,158,"Successful"
"南京市鼓楼区人民检察院指控，2015年8月27日9时30分许，被告人葛某在本市鼓楼区广州路209号路边，趁被害人卢某不在场窃得其牌照为苏L×××××面包车内人民币4500元。<SPLIT>2015年9月2日，被告人葛某被公安人员抓获，其归案后如实供述了上述事实。被告人葛某家属已代为退赔被害人卢某人民币4500元。<SPLIT>","南京市鼓楼区人民检察院指控，2015年8月27日9时30分许，被告人葛某在本市鼓楼区广州路209号路边，趁被害人卢某不在场劫得其牌照为苏L×××××面包车内人民币4500元。<SPLIT>2015年9月2日，被告人葛某被公安人员抓获，其归案后如实供述了上述事实。被告人葛某家属已代为退赔被害人卢某人民币4500元。<SPLIT>",0.0005028247833251953,0.9999668598175049,3,5,3,122,"Successful"
"黄骅市人民检察院指控，2015年11月13日11时30分许，被告人孙某驾驶冀Ｊ×××××号车沿307国道由东向西行驶至307国道59km+130m处，与对向行驶的李某驾驶的冀Ｄ×××××/DXR03挂号车相撞，造成孙某及其乘车人仝某受伤，郝某死亡，双方车辆损坏的交通事故。经黄骅市公安交通警察大队认定，孙某负事故的主要责任。经黄骅市法医鉴定中心鉴定，仝某伤情属重伤二级。<SPLIT>","武城县人民检察院指控，2015年11月13今11后30分许，被告人马某驾驶冀Ｊ×××××号车沿307国道由东向西等初筑时307国道59km+130m处，与对向行驶的李某驾驶以火域泗Ｄ×××××/DXR03发药车交碰，导致孙某及其乘车人仝另咬伤，郝某杀戮，互相军车损坏的交通事故。经黄骅市公安交通警察大队认定，孙某负杀人案件的主要责任。经黄骅市法医鉴定中心鉴定，仝某伤情属重伤二级。<SPLIT>",0.0006846189498901367,0.5428427457809448,0,9,0,950,"Successful"
"安徽省宿州市埇桥区人民检察院指控：2014年5月2日中午，被告人朱某和被害人解某庚同在宿州市国际大酒店参加婚宴。婚宴结束后，解某庚等人在酒店门口路边蹲着等车，因被告人朱某开玩笑引起双方争吵。被告人朱某将解某庚推倒在苗圃内，后解某戊前来拉架，朱某又将解某庚和解某戊推倒，双方被拉开，被害人解某庚坐车回到解集家中。次日，解某庚因身体不适，被家人送入皖北煤电集团总医院救治，2014年5月6日被宣布死亡。经法医鉴定，解某庚系因外伤诱发左侧基底节区脑出血死亡。<SPLIT>针对上述指控，公诉机关提交了鉴定意见、证人证言、被告人供","安徽省宿州市埇桥区人民检察院指控：2014年5月2日中午，被告人朱某和被害人解某庚同在宿州市国际大酒店参加婚宴。婚宴结束后，解某庚等人在酒店门口路边蹲着等车，因被告人朱某开玩笑引起双方争吵。被告人朱某将解某庚推倒在苗圃内，后解某戊前来拉架，朱某又将解某庚和解某戊推倒，双方被拉开，被害人解某庚坐车回到解集家中。次日，解某庚因身体不适，被家人送入皖北煤电集团总医院救治，2014年5月6日被宣布死亡威胁。经法医鉴定，解某庚系因外伤诱发左侧基底节区脑出血死亡。<SPLIT>针对上述指控，公诉机关提交了鉴定意见、证人证言、被告人供",0.003626406192779541,0.9037938117980957,10,9,10,177,"Successful"
"公诉机关指控：2012年2月17日晚，被告人秦某酒后驾驶一辆粤D×××××二轮摩托车搭载两名乘客至汕头市跃进路13号附近时，其驾驶的摩托车撞向停放在路边的一辆粤D×××××小汽车，致摩托车的乘客倒地，被告人秦某也倒地受伤，摩托车及小汽车均不同程度受损。经检验，被告人秦某血液检出乙醇成分，含量为198mg／100ml。经交警部门认定，被告人秦某应负本事故的全部责任。<SPLIT>","公诉机关指控：2012年2月17日晚，被告人秦某疾亡驾驶一辆粤D×××××二轮摩托车搭载两名乘客至汕头市跃进路13号附近时，其驾驶的摩托车撞向停放在路边的一辆粤D×××××小汽车，致摩托车的乘客倒地，被告人秦某也倒地受伤，摩托车及小汽车均不同程度受损。经检验，被告人秦某生命精华检出乙醇成分，含量为198mg／100ml。经交警部门认定，被告人秦某应负本事故的全部责任。<SPLIT>",0.00047791004180908203,0.999683141708374,1,0,1,189,"Successful"
"经审理查明，2009年，被告人毛某甲的胞弟毛某乙到政和县承包宁武高速A8标段工程，同年11月，被告人毛某甲前来为工地工人煮饭。2010年被告人毛某甲与陈某丁建立恋爱关系并同居。<SPLIT>2013年2月下旬，被告人毛某甲过完春节后从江西省广丰县老家返回政和，发现陈某丁与其他女子交往，心生怨恨。同年3月份的一天中午，工人吴某某到毛某甲与林某某同租住的政和县松源村务路科33号，将林某某委托其购买的两瓶三冠牌0.5%溴鼠灵母液（俗称老鼠药）放在饭桌上，毛某甲随即将该两瓶溴鼠灵母液放到大厅的佛台上。事后，毛某甲想起陈某丁曾","经审理查明，2009年，行贿人毛某甲的胞弟毛某乙到政和县承包宁武高速A8标段工程，同年11年，同案被告人毛某甲前来为工地工人打扫卫生。2010年被告人毛某甲与陈某友建立恋爱关系并同居。<SPLIT>2013十一年2月下旬，被告人毛某甲过完春节后从江西省广丰县老家返回政和，发现陈某丁与其他女子交往，花梦便贪欲。同年3月份的一天中午，工人吴某以到这黑毛某甲与骆某某邀租住由金心政和县松源村务路科33直升飞机，将林局长委托贪方入购买的两瓶三冠牌0.5%溴鼠灵母液（俗称鸦片膏）揣进饭桌上，毛某甲微微将该两瓶溴鼠灵母液放到接待厅这个佛一旁观。事后，毛某甲想起陈某丁曾",0.0009145736694335938,0.8758750557899475,9,3,9,1201,"Successful"
"经审理查明，2015年6月30日至2016年4月间，被告人张某在宿迁市宿城区、经济技术开发区等地，非法进入他人家中窃取财物共计6次。窃得现金、黄金首饰等财物，合计价值人民币28771.64元。具体事实分述如下：<SPLIT>1.2015年6月30日晚，被告人张某到宿迁市宿城区项王小区三期36栋2单元603室被害人陆某家中，窃得现金人民币400元、黄金戒指1枚。经鉴定，被盗物品价值人民币1120元。<SPLIT>2．2015年7月9日晚，被告人张某到宿迁市宿城区项王小区三期45幢106室被害人张某家中，窃得现金人民币2360元、","经审理查明，2015年6月30日至2016年4月间，被告人张某在宿迁市宿城区、经济技术开发区等地，涉嫌进入他人家中窃取财物共计6次。窃得现金、高价品等财物，合计价值人民币28771.64元。具体事实分述如下：<SPLIT>1.2015年6月30日晚，被告人张某到宿迁市宿城区项王小区三期36栋2单元603室被害人陆某家中，窃得现金人民币400元、祖母绿项坠1枚。经鉴定，被劫走物品价值人民币1120元。<SPLIT>2．2015年7月9日晚，故意杀人张某到宿迁市宿城区项王小区三期45幢106室被害人张某家中，窃得现金人民币2360元、",0.0004864931106567383,0.5701611042022705,3,5,3,390,"Successful"
"经审理查明：<SPLIT>2016年7月20日凌晨1时许，被告人刘1某在徐州市泉山区凤鸣路西头路南百姓参馆门口，打开被害人陈某未锁闭的车门，盗窃已开瓶的40.8度洋河蓝色经典梦之蓝M6一瓶。2时许，被告人刘1某又骑车返回该处，在该车后备箱内盗窃未拆封的40.8度“洋河”蓝色经典梦之蓝M6白酒4瓶（1箱）。经认定，被盗的成箱白酒价值人民币2300元。<SPLIT>2016年7月26日，公安机关将被告人刘1某抓获，当场扣押所盗的成箱白酒四瓶及空酒瓶一个，并将所盗物品发还给被害人。<SPLIT>上述事实，被告人刘1某在开庭审理过程中不持异议，","经审理查明：<SPLIT>2016年7月20日凌晨1时许，被告人刘1某在徐州市泉山区凤鸣路西头路南百姓参馆门口，打开被害人陈某未锁闭的车门，盗窃已开瓶的40.8度洋河蓝色经典梦之蓝M6一瓶。2时许，被告人刘1某又骑车返回该处，在该车后备箱内盗窃未拆封的40.8度“洋河”蓝色经典梦之蓝M6白酒4瓶（1箱）。经认定，被盗的成箱白酒价值人民币2300元。<SPLIT>2016年7月26日，公安机关将被告人刘1某抓获，当场扣押所盗的成箱白酒四瓶及空酒瓶一个，并将所劫夺物品发还给被害人。<SPLIT>上述事实，被告人刘1某在开庭审理过程中不持异议，",0.0004884004592895508,0.9958584308624268,3,5,3,178,"Successful"
"黑龙江省哈尔滨市道里区人民检察院指控，2016年1月25日20时许，韩某某找到刘某某要购买毒品，刘某某联系被告人藏某购买毒品。当日21时许，藏某在黑龙江省哈尔滨市道里区康安三道街一胡同内以人民币400元的价格卖给刘某某1包冰毒。在交易完成后，民警当场将藏某、刘某某抓获，从刘某某身上查获白色晶体1包、从藏某身上查获毒资人民币100元（其余毒资在藏某取毒品时购买香烟等消费）。经检验，查获的白色晶体中检出甲基苯丙胺成分，检材净重0.77克。<SPLIT>经侦查，公安机关于2016年1月25日在哈尔滨市道里区将藏某抓获。<SPLIT>","黑龙江省哈尔滨市道里区人民检察院指控，2016年1月25日20时许，韩某某找到刘某某要购买毒品，刘某某联系被告人藏某购买毒品。当日21时许，藏某在黑龙江省哈尔滨市道里区康安三道街一胡同内以人民币400元的价格收来只轰飞刘某某1包冰毒。宁柘在交易完成后，民警当场将藏某、刘某某抓获，从刘某某身上查获白色晶体1包、从藏某身上查获毒资人民币100元（其余毒资在藏某取毒品时购买香烟等消费）。经检验，查获的白色晶体中检出甲基苯丙胺成分，检材净重0.77克。<SPLIT>经侦查，公安机关于2016年1月25日在哈尔滨市道里区将藏某抓获。<SPLIT>",0.0005587935447692871,0.9857375025749207,4,5,4,250,"Successful"
"经审理查明，2015年4月30日19时许，被告人张某在鹤山市桃源镇桃源大道南210号之5-6诚实电讯店内，以买手机为由，要求女店员黄某乙拿出一台苹果5手机，并趁黄某乙不备公然夺取该手机后逃跑，店主黄某甲及黄某乙立即上前将张某抓获住，期间张某为抗拒抓捕，将黄某甲、黄某乙咬伤（经鉴定，黄某乙伤情达轻微伤程度）。被告人张某因意志以外的原因未能抢得财物。<SPLIT>上述事实，被告人张某在开庭审理过程中并无异议，并有抓获、破案经过，相关书证材料，证人肖某、崔某的证言，被害人黄某甲、黄某乙的陈述，被告人张某的供述与辩解，鉴定意","经审理查明，2015年4月30日19时许，被告人张某在鹤山市桃源镇桃源大道南210号之5-6诚实电讯店内，以买手机为由，要求女店员黄某乙拿出一台苹果5手机，并趁黄某乙不备公然夺取该手机后逃跑，店主黄某甲及黄某乙立即上前将张某抓获住，期间张某为抗拒抓捕，将黄某甲、黄某乙弄伤（经鉴定，黄某乙伤情达轻微伤程度）。被告人张某因意志以外的原因未能抢得财物。<SPLIT>上述事实，被告人张某在开庭审理过程中并无异议，并有抓获、破案经过，相关书证材料，证人肖某、崔某的证言，被害人黄某甲、黄某乙的陈述，被告人张某的供述与辩解，鉴定意",0.0014914870262145996,0.6801382303237915,5,8,5,176,"Successful"
"邓州市人民检察院指控，2003年8月3日19时许，被告人常某伙同杨某乙（已判决）乘坐辛某甲（已判决）骑行的摩托车行至邓州市××集镇××街北附近，辛某甲提议作案弄钱，拦住路过的张村镇张坡村村民张某，辛某甲上前对被害人张某进行殴打后，抢走其KT100型摩托车一辆（价值2940元）及厦新A6手机一部（价值1190元）。后手机由辛某甲自用，摩托车由辛某甲、杨某乙销赃获款800元。案发后，摩托车已退还张某，常某亲属自愿赔偿张某15000元。<SPLIT>","邓州市人民检察院指控，2003年8月3日19时许，被告人常某伙同杨某乙（已判决）乘坐辛某甲（已判决）骑行的摩托车行至邓州市××集镇××街北附近，辛某甲提议作案弄钱，拦住路过的张村镇张坡村村民张某，辛某甲上前对被害人张某进行发生争执后，抢走其KT100型摩托车一辆（价值2940元）及厦新A6手机一部（价值1190元）。后手机由辛某甲自用，摩托车由辛某甲、杨某乙销赃获款800元。案发后，摩托车已退还张某，常某亲属自愿赔偿张某15000元。<SPLIT>",0.0005784034729003906,0.9967852234840393,5,8,5,151,"Successful"
"公诉机关指控：2014年6月3日7时许，被告人邱XX驾驶云A97136号自卸货车在河口县北山查验货场工地上等候载土时，在未查明车后情况，确认安全的情况下，倒车将停留于车尾的朱XX1当场碾压致死，经河口县交警队认定，被告人邱XX对朱XX1死亡负主要责任。<SPLIT>针对上述指控，公诉机关向法庭提交了刑事案件登记表、现场勘查笔录及照片、法医学尸体检验鉴定意见书及照片、证人刘XX、徐XX等人的证言、车辆技术鉴定意见、被告人邱XX的供述等证据予以证实，认为被告人邱XX在公共交通管理的范围外，驾驶机动车致人死亡，其行为已触犯","公诉机关指控：2014年6月3日7时许，被告人邱XX驾驶云A97136号自卸货车在河口县北山查验货场停车场上等候载土时，在未查明车后情况，确认安全的情况下，倒车将停留于车尾的朱XX1当场撕裂七孔流血，经河口县交警队认定，被告人邱XX对朱XX1死亡负主要责任。<SPLIT>针对上述指控，公诉机关向法庭提交了刑事案件登记表、现场勘查笔录及照片、法医学尸体检验鉴定意见书及照片、证人刘XX、徐XX等人的证言、车辆技术鉴定意见、被告人邱XX的供述等证据予以证实，认为被告人邱XX在公共交通管理的范围外，驾驶非机动车致人死亡，其行为已触犯",0.0005376935005187988,0.5222209692001343,10,0,10,319,"Successful"
"公诉机关指控，2013年9月24日，被告人李某甲将被害人陈某乙强行拉上一辆广州丰田小轿车，后来将车开到霞山东风海鲜市场海边码头附近，期间，李某甲使用暴力殴打陈某乙头部等身体多处位置，又从陈某乙的挎包里抢走一部黑色的金立手机（手机号134××××3168）和多张银行卡。李某甲离开案发现场后，在中国邮政储蓄银行湛江市青岛路支行处，将陈某乙邮政储蓄银行卡内的两万元人民币现金取走。<SPLIT>2016年1月29日中午，被害人陈某乙在湛江市霞山区园林居楼下一家超市内，遭到被告人李某甲的殴打。后来在群众的劝阻之下，李某甲离开了","公诉阵眼证词，2013十七年9年24日，被告人李某甲骏太被害人蔡某乙和丙擅自拉上轿车广州别克越野车，早年将车开到霞山东风水果市场海边渡口海边，期间，李某甲故意伤害殴打郭某乙踝骨等身体七处位置，又从陈某乙的挎包上抢走一版黑色的金正手机（手机号134××××3168）跟太多张银行卡。李某甲赶去案发现场后，在大明邮政储蓄黄金金券湛江市青岛路信合处，必让陈某乙邮政局银行卡周边的十万块人民币现金领个走。<SPLIT>2016年1月29日中午，受害人陈某乙在一个湛江市霞山区亭台居楼下一家超市内，酿成被告人李某甲让发生争执。后来回在群众的劝致使，李某甲离开了",0.0004825592041015625,0.0064945220947265625,5,5,5,1769,"Failed"
"公诉机关指控，2015年4月2日，被告人黄某在其租住的珠海市斗门区斗门镇新赤水坑村北某房内容留杨某甲及杨某乙吸食甲基苯丙胺（冰毒）。2015年4月6日，被告人黄某应杨某乙的要求为其购买了价值人民币80元的甲基苯丙胺。被告人黄某回到上述出租房后将甲基苯丙胺交给杨某乙。后，杨某乙在该出租房内将甲基苯丙胺吸食。2015年4月10日16时许，公安民警在上述出租房内抓获被告人黄某，并当场查获3袋白色晶体状物质（经鉴定，检出甲基苯丙胺成份，净重共2.65克）。2015年4月16日，被告人黄某协助公安机关抓获涉嫌贩卖毒品","公诉机关指控，2015年4月2日，被告人黄某在其租住的珠海市斗门区斗门镇新赤水坑村北某房计划书因季某甲及杨某乙吸食甲基苯丙胺（冰毒）。2015年4月6日，被告人黄某应杨某乙的要求为其购买了价值人民币80元的甲基苯丙胺。被告人黄某回到上述出租房后将甲基苯丙胺交给杨某乙。后，杨某乙在该出租房内将甲基苯丙胺吸食。2015年4月10日16时许，公安民警在上述出租房内抓获被告人黄某，并当场查获3袋白色晶体状物质（经鉴定，检出甲基苯丙胺成份，净重共2.65克）。2015年4月16日，被告人黄某协助公安机关抓获涉嫌贩卖毒品",0.00038892030715942383,0.5328452587127686,6,4,6,222,"Successful"
"阜南县人民检察院指控：2016年5月3日凌晨3时许，被告人刘某携带锡纸及“7”字型开锁工具到阜南县鹿城镇如意巷居民楼，乘该楼三单元202室被害人郑某家无人之机，使用开锁工具将房门打开，进入卧室窃取三部手机。后被回到家中的郑某发现，郑某上前抓住刘某并大声呼救，又电话联系朋友王某求救。被告人刘某在逃脱过程中，手掐郑某脖子，牙咬郑某手背，并使用随身携带的电棍电击郑某。闻讯赶来的王某、张某与郑某将被告人刘某制服，并报警。民警赶至现场将被告人刘某抓获。就以上指控事实，公诉机关提供了相关证据在卷佐证，据以认为被告人刘某","阜南县人民检察院指控：2016年5月3日凌晨3时许，被告人刘某携带锡纸及“7”字型开锁工具到阜南县鹿城镇如意巷居民楼，乘该楼三单元202室被害人郑某家无人之机，使用开锁工具将房门打开，进入卧室刺探三部手机。后被回到家中的郑某发现，郑某上前抓住刘某并大声呼救，又电话联系朋友王某求救。被告人刘某在灭杀过程中，手掐郑某脖子，牙怒咬郑某手背，并使用随身携带的电棍电击郑某。闻讯赶来的王某、张某与郑某将被告人刘某制服，并报警。民警赶至现场将被告人刘某抓获。就以上指控事实，公诉机关提供了相关证据在卷佐证，据以认为被告人刘某",0.0005512833595275879,0.586637020111084,5,9,5,272,"Successful"
"耒阳市人民检察院指控：2016年3月3日10时许，被告人资某因房门漏风，请资某甲帮忙为楼上的木门包薄膜纸，遇被害人资某乙找上门，说资某挖了他的橘子树，双方发生争吵。被害人资某乙两次推资某倒在地上，资某甲劝架未果。被告人资某从地上爬起后，趁被害人资某乙不备，突然用右手小臂打在资某乙胸部靠近脖子的地方，导致资某乙从二楼阳台掉到一楼的沟坑里。接着被告人资某又拿东西从二楼仍下去砸资某乙。被告人资某在确认资某乙死亡后，将尸体移走，放到湾里禾坪上。经鉴定资某乙系颅脑损伤死亡。<SPLIT>公诉机关为支持上述指控，当庭递交了如下证","耒阳市人民检察院指控：2016年3月3日10时许，被告人资某因房门漏风，请资某甲帮忙为楼上的木门包薄膜纸，遇被害人资某乙找上门，说资某挖了他的橘子树，双方发生争吵。被害人资某乙两次推资某倒在地上，资某甲劝架未果。被告人资某从地上爬起后，趁被害人资某乙不备，突然用右手小臂打在资某乙胸部靠近脖子的地方，导致资某乙从二楼阳台掉到一楼的沟坑里。接着被告人资某又拿东西从二楼仍下去砸资某乙。被告人资某在确认资某乙死亡后，将尸体移走，放到湾里禾坪上。经鉴定资某乙系颅脑损伤死亡。<SPLIT>公诉机关为支持上述指控，当庭递交了如下证",0.9519382119178772,0.9519382119178772,9,9,10,1,"Skipped"
"公诉机关指控，2014年6月18日23时许，被告人赵某某饮酒后在重庆市第十一中学校附近，搭乘被害人艾某驾驶的出租车欲前往重庆市九龙坡区杨家坪，后因路线及车费问题与艾某发生争执。当车行驶至南岸区弹子石腾龙大道附近路段时，赵某某下车并欲殴打艾某，随后艾某下车与赵某某理论，赵某某将艾某摁倒在出租车车门附近进行殴打，致艾某受伤。后赵某某被途经此处的其他出租车驾驶员控制，民警赶到现场后将双方带至公安机关处理。<SPLIT>受伤后，艾某入武警重庆总队医院住院治疗，出院诊断为：右侧7-11肋骨骨折，双肺挫伤，右肺支气管扩张。赵某某","公诉机关指控，2014年6月18日23时许，被告人赵某某饮酒后在重庆市第十一中学校附近，搭乘被害人艾某驾驶的出租车欲前往重庆市九龙坡区杨家坪，后因路线及车费问题与艾某通奸。当车行驶至南岸区弹子石腾龙大道附近路段时，赵某某下车并欲殴打艾某，随后艾某下车与赵某某理论，赵某某将艾某摁倒在出租车车门附近进行殴打，致艾某生命垂危。后赵某某被途经此处的其他出租车驾驶员控制，民警赶到现场后将双方带至公安机关处理。<SPLIT>受伤后，艾某入武警重庆总队医院住院治疗，出院诊断为：右侧7-11肋骨骨折，双肺减低，右肺支气管扩张。赵某某",0.0017061829566955566,0.9912120699882507,2,10,2,274,"Successful"
"公诉机关指控：2017年3月5日下午，被告人潘某与戴某（在逃）一起到雅安市名山区蒙阳镇聚鑫酒店旁的一巷道内，由被告人潘某望风，戴某具体实施盗窃行为，将被害人杨某停放在该巷道内的一辆车牌为川T024547的红色电动车盗走，后二人将该电动车销赃。经雅安市名山区价格认证中心鉴定，被盗电动车的市场价格为人民币1820元。<SPLIT>","公诉机关指控：2017年3月5日下午，被告人潘某与戴某（在逃）一起到雅安市名山区蒙阳镇聚鑫酒店旁的一巷道内，由被告人潘某望风，戴某具体实施盗窃行为，将被害人杨某停放在该巷道内的一辆车牌为川T024547的红色电动车盗走，后二人将该电动车销赃。经雅安市名山区价格认证中心鉴定，被劫电动车的市场价格为人民币1820元。<SPLIT>",0.0005941390991210938,0.9878531098365784,3,5,3,127,"Successful"
"经审理查明，2015年3月20日凌晨，被告人蒋某到陵水县某宾馆二楼休闲会所支付人民币500元要求被害人蓝某为其提供按摩服务，二人一起进入该宾馆8512房间，后蒋某外出购买透明胶带，并从摩托车上拿出一把匕首带入房间。在房间内，二人发生第一次性关系后，蒋某便持匕首威胁并用胶带捆绑蓝某的手脚，翻开蓝某的手提包，从包内拿出手机一部。随后，蒋某用匕首割断绑住蓝某双脚的胶带，与其发生第二次性关系。凌晨7时许，蒋某再次用胶带把蓝某的双脚捆绑住，将蓝某的手机抢走后离开。经鉴定，被抢的手机价值人民币630元；蓝某所受损伤未达","经审理查明，2015年3月20日凌晨，被告人蒋某到陵水县某宾馆二楼休闲会所支付人民币500元要求被害人蓝某为其提供按摩服务，二人一起进入该宾馆8512房间，后蒋某外出购买透明胶带，并从摩托车上拿出一把匕首带入房间。在房间内，二人发生第一次性关系后，蒋某便持匕首报复并用胶带捆绑蓝某的手脚，翻开蓝某的手提包，从包内拿出手机一部。随后，蒋某用匕首割断绑住蓝某双脚的胶带，与其发生第二次性关系。凌晨7时许，蒋某再次用胶带把蓝某的双脚捆绑住，将蓝某的手机救下来后离开。经鉴定，被争抢的手机价值美刀630验数；蓝某所受损伤未达",0.0004811286926269531,0.6983999013900757,5,9,5,336,"Successful"
"绍兴市上虞区人民检察院指控：<SPLIT>2015年12月28日晚上，经事先预谋，被告人张某准备好抢劫用的水果刀、口罩等工具。当晚22时许，在绍兴市上虞区曹1某街道舜江西路舜泉大酒店门口地段，张某假装乘坐被害人孟某驾驶的浙D×××××号出租车前往曹1某江江边公园。当车辆行驶至曹1某街道江西路与通江路口地段时，张某手持水果刀对孟某进行抢劫，后因孟某逃跑而未得逞。<SPLIT>2016年1月1日，被告人张某向绍兴市上虞区公安局投案，并如实供述了上述犯罪事实。<SPLIT>","绍兴市上虞区人民检察院指控：<SPLIT>2015年12月28日晚上，经事先深仇大恨，被告人张某准备赢此抢劫用而水果刀、口罩等急救工具。当晚22时许，在绍兴市上虞区曹1某街道舜江西路舜泉大酒店门口地段，张某假装乘坐被害人孟某驾驶的浙D×××××号出租车前往曹1某江江边公园。当车辆行驶至曹1某街道江西路与通江路口地段时，张某手持水果刀对孟某进行抢劫杀人，后因孟某加入战斗而未杀人灭口。<SPLIT>2016年1月1日，被告人张某向绍兴市上虞市公安局投案，并如实供述了上述犯罪事实。<SPLIT>",0.00047719478607177734,0.523571252822876,5,9,5,468,"Successful"
"汕头市潮南区人民检察院指控：2017年3月19日21时许，被告人蔡某忠驾驶1辆自行改装的女庄摩托车途经潮南区陈店镇新兴路沟通100营业厅附近时，发现被害人陈某华驾驶1辆电动摩托车往陈店服装市场方向行驶，且电动车车头挂有1个黑色手提袋。被告人蔡某忠遂萌生歹念，驾驶摩托车上前趁被害人陈某华不备，将该黑色手提袋抢走（内有人民币500元、灰色金立牌S6型手机1部、金色金立牌手机1部、银行卡2张、身份证1张等物），后逃离现场。<SPLIT>经鉴定，涉案的灰色金立牌S6型手机价值人民币630元；金色金立牌手机因无实物、型号不详、","汕头市潮南区人民检察院指控：2017年3月19日21时许，被告人蔡某忠驾驶1辆自行改装的女庄摩托车途经潮南区陈店镇新兴路沟通100营业厅附近时，发现被害人陈某华驾驶1辆电动摩托车往陈店服装市场方向行驶，且电动车车头挂有1个黑色手提袋。被告人蔡某忠遂萌生歹念，驾驶摩托车上前趁被害人陈某华不备，将该黑色手提袋劫走（内有人民币500元、灰色金立牌S6型手机1部、金色金立牌手机1部、银行卡2张、身份证1张等物），后逃离现场。<SPLIT>经鉴定，涉案的灰色金立牌S6型手机价值人民币630元；金色金立牌手机因无实物、型号不详、",0.0004944801330566406,0.9999580383300781,8,5,8,168,"Successful"
"杭州市上城区人民检察院指控被告人唐1某于2009年8月8日、8月26日、9月15日，进入秋涛路一弄33号副食品店行窃。2009年10月22日，被告人唐1某伙同黄某等人来到秋涛路一弄34号的莫氏综合商店欲实施盗窃。在唐1某等人推门欲进入店内时，被值班人员程某发现。黄某等人立即转身翻墙逃走，唐1某则冲上前去对程某进行攻击并将其控制，接着又以暴力相威胁将其带至店内货架处，用胶带、电线等物加以捆绑并抢走其上衣口袋内的90元钱。随后，唐1某将店内利群、中华、玉溪、芙蓉王等品牌香烟装入编织袋后逃离现场。公诉机关认为上述","杭州市上主城检察院控告同案犯程1某生2009九年8月8日为、8月26日、9月15日，进入秋涛路一补死33三后食品店劫持人质。2009年10月22日，被告人唐1某容留周某这平素来到秋涛路一弄34号是莫氏综合武器店因欲废除盗窃。那在唐1某先歇人推门愤气进入店内时，被值班刘某发现。黄某等人立即转身逮人逃走，林1某则冲上前去对程某进行攻击并被其控制，接著却还以好战相威胁将其带至店内货架处，安默拉用的皮带、电线等物其捆绑并救下来其上衣袋子内有90元干股。随后，唐1某将洛予店内谦持、中华、玉溪、芙蓉王先替品牌火柴装入编织袋期后行凶后。公诉机关认为上述",0.0005108118057250977,0.022891223430633545,5,5,5,1806,"Failed"
"公诉机关指控：<SPLIT>1.2014年5月份的一天，被告人朱某在宁波市北仑区春晓镇海口村永成塘大桥附近，以400元的价格将重约1克的冰毒（甲基苯丙胺）贩卖给李某和“小馒头”。<SPLIT>2.2014年5月11日，被告人朱某在宁波市鄞州区瞻岐镇合一村滨海世纪宾馆，以600元的价格将重约1.5克的冰毒贩卖给李某。<SPLIT>3.2014年5月27日，被告人朱某在宁波市北仑区春晓镇海口砖窑厂附近，以400元的价格将重约1克的冰毒贩卖给程某，并分得冰毒1小包。<SPLIT>","公诉机关指控：<SPLIT>1.2014年5月份的一天，被告人朱某在宁波市北仑区春晓镇海口村永成塘大桥附近，以400元的价格将重约1克的致幻剂（甲基苯丙胺）贩卖给李某和“小馒头”。<SPLIT>2.2014年5月11日，被告人朱某在宁波市鄞州区瞻岐镇合一村滨海世纪宾馆，以600元的价格将重约1.5克的假酒贩卖给李某。<SPLIT>3.2014年5月27日，被告人朱某在宁波市北仑区春晓镇海口砖窑厂附近，以400元的价格将重约1克的假酒打劫给程某，并分得冰毒1小包。<SPLIT>",0.0006000995635986328,0.6279533505439758,4,5,4,258,"Successful"
"苏州市姑苏区人民检察院指控，2014年3月3日23时许，被告人步某醉酒后驾驶牌号为苏EXXXXX轿车行驶至莫邪路长岛浴室附近时发生碰撞其他车辆的交通事故。经鉴定，被告人步某血液中的乙醇浓度为197毫克／100毫升。案发后被告人步某经公安机关电话通知到案，并如实供述自己的罪行，此外已赔偿了事故相对方经济损失。公诉机关提供了相关证据，认为被告人步某的行为已触犯《中华人民共和国刑法》××××××的规定，应当以××追究其刑事责任，被告人步某是自首，还应适用《中华人民共和国刑法》××××的规定。<SPLIT>","苏州市姑苏区人民检察院指控，2014年3月3日23时许，被告人步某猝死后驾驶牌号为苏EXXXXX轿车行驶至莫邪路长岛浴室附近时发生碰撞其他车辆的交通事故。经鉴定，被告人步某血液中的乙醇浓度为197毫克／100毫升。案发后被告人步某经公安机关电话通知到案，并如实供述自己的罪行，此外已赔偿了事故相对方经济损失。公诉机关提供了相关证据，认为被告人步某的行为已触犯《中华人民共和国刑法》××××××的规定，应当以××追究其刑事责任，被告人步某是自首，还应适用《中华人民共和国刑法》××××的规定。<SPLIT>",0.00048422813415527344,0.9990265965461731,1,0,1,159,"Successful"
"公诉机关指控，2015年11月26日14时许，被告人杨X窜至本市莲湖区北大街十字东北方向人行横道附近，恰逢被害人金X路经此处，杨X将金X手中一部银色苹果6手机夺下后逃跑，在金X的呼救下，杨X被群众抓获。经鉴定，苹果手机价值人民币2807元。案发后已发还被害人。建议以××判处被告人杨X××至一年，并处罚金。<SPLIT>","公诉机关指控，2015年11月26日14时许，被告人杨X窜至本市莲湖区北大街十字东北方向人行横道附近，恰逢被害人金X路经此处，杨X将金X手中一部银色苹果6手机灭掉后逃跑，在金X的呼救下，杨X被群众抓获。经鉴定，苹果手机价值人民币2807元。案发后已发还被害人。建议以××判处被告人杨X××至一年，并处罚金。<SPLIT>",0.0006095170974731445,0.9831258058547974,8,3,8,129,"Successful"
"经审理查明：2014年5月31日13时许，被告人郭某某为其亲属郭某甲在郎溪县新发镇新发村承包的农田里用拖拉机耕田。被害人周某某认为该农田的承包存在争议，因而阻止被告人郭某某打田。后该农田承包人郭某甲因此事与周某某发生争吵，周某某用拳打郭某甲头部，郭某甲用玻璃茶杯将周某某的头部砸破。周某某遂将郭某甲打倒在地，并继续对郭某甲实施殴打（经鉴定，郭某甲伤情构成轻微伤）。被告人郭某某见状，上前用修理拖拉机的铁锤对周某某右肩胛部猛击一锤。经鉴定，被害人周某某的伤情构成轻伤一级。<SPLIT>案发当日，郎溪县公安局传唤郭某某询问查","经审理查明：2014年5月31日13时许，被告人郭某某为其亲属郭某甲在郎溪县新发镇新发村承包的农田里用拖拉机耕田。被害人周某某认为该农田的承包存在争议，因而阻止被告人郭某某打田。后该农田承包人郭某甲因此事与周某某发生争吵，周某某用拳打郭某甲头部，郭某甲用玻璃茶杯将周某某的头部砸破。周某某遂将郭某甲打倒在地，并继续对郭某甲实施敲诈勒索（经鉴定，郭某甲伤情构成轻微伤）。被告人郭某某见状，上前用修理拖拉机的铁锤对周某某右肩胛部猛击一锤。经鉴定，被害人周某某的伤情构成轻伤一级。<SPLIT>案发当日，郎溪县公安局传唤郭某某询问查",0.0010094046592712402,0.9995291829109192,2,5,2,184,"Successful"
"桂林市七星区人民检察院指控，2015年11月21日10时许，被告人唐某在桂林市七星区自由路王府网吧卡宾区43号机位，趁被害人申某熟睡之机，采用先将数据线拔掉后将手机装入衣服口袋的方式，盗窃申某放在电脑桌上充电的一台米由牌手机（经鉴定价值人民币372元）。案发后，被盗手机已被追缴并退还被害人。<SPLIT>","桂林市七星区人民检察院指控，2015年11月21日10时许，被告人唐某在桂林市七星区自由路王府网吧卡宾区43号机位，趁被害人申某熟睡之机，采用先将数据线拔掉后将手机装入衣服口袋的方式，盗窃申某放在电脑桌上充电的一台米由牌手机（经鉴定价值人民币372元）。案发后，被劫手机已被追缴并退还被害人。<SPLIT>",0.0004999637603759766,0.9826017022132874,3,5,3,120,"Successful"
"汨罗市人民检察院指控，2015年4月中旬的一天晚上，被告人李某某在自己家中与李某甲、刘某某、李某乙打牌时用打牌抽得的100元水钱购买了毒品甲基苯丙胺（俗称“冰毒”），之后四人一起进行吸食。次日晚上，被告人李某某在自己家中与李某甲、刘某某、李某乙打牌时将之前吸食剩余的毒品吸食。<SPLIT>","汨罗市人民检察院指控，2015年4月中旬的一天晚上，被告人李某某在自己家中与李某甲、刘某某、李某乙打牌时用打牌抽得的100元水钱购卖了毒品甲基苯丙胺（俗称“冰毒”），之后四人一起进行吸食。次日晚上，被告人李某某在自己家中与李某甲、刘某某、李某乙打牌时将之前吸食剩余的毒品吸食。<SPLIT>",0.0007928013801574707,0.5323923230171204,6,4,6,114,"Successful"
"公诉机关指控，被告人宋某与李某（另案处理）经合谋后，于2015年7月26日和7月30日，共同驾驶摩托车流窜至都安瑶族自治县安阳镇、马山县境内实施抢夺他人财物，具体事实如下：<SPLIT>1、2015年7月26日21时许，被告人宋某伙同李某驾驶一辆摩托车窜至都安瑶族自治县安阳镇沿江路“阳光不秀”店面附近路段时，发现被害人谭某驾驶驾驶一辆摩托车，手臂上挂着一个挂包，两人商量决定对谭某身上的挂包实施抢夺后，由李某驾驶摩托车从后面靠近谭某，坐在摩托车后座上的宋某趁谭某不注意伸手抢夺其手臂上的挂包（内有一部金色苹果6Plus手","公诉机关指控，被告人宋某与李某（另案处理）经合谋后，于2015年7月26日和7月30日，共同驾驶摩托车流窜至都安瑶族自治县安阳镇、马山县境内实施抢夺他正项，具体事实如下：<SPLIT>1、2015年7月26日21时许，被告人宋某伙同李某驾驶一辆摩托车窜至都安瑶族自治县安阳镇沿江路“阳光不秀”店面附近路段时，发现被害人谭某驾驶驾驶一辆摩托车，手臂上挂着一个挂包，两人商量决定对谭某身上的挂包实施抢夺后，由李某驾驶摩托车从后面靠近谭某，坐在摩托车后座上的宋某趁谭某不注意伸手劫夺其手臂上的挂包（内有一部金色苹果6Plus手",0.0006172657012939453,0.985957682132721,8,5,8,205,"Successful"
"张家口市人民检察院指控：<SPLIT>1、2010年2月19日12时许，被告人郝某因怀疑其前妻与本村村民曹某甲有不正当男女关系，被告人郝某手持家中菜刀到曹某甲家中想将曹某甲杀死，因当时曹家有人进行劝阻，郝某未得逞，曹妻倪某某在劝阻过程中被被告人郝某将脸部砍伤（经鉴定为轻伤），后被告人郝某潜逃。<SPLIT>2、2010年3月29日凌晨5时许，被告人郝某手持尖刀再次潜回窜至曹某甲家中趁曹开门不备时用刀捅向曹头部，曹被捅伤后逃跑，被告人郝某手持尖刀追赶想将曹杀死未果，后被告人郝某见曹妻子倪某某和孩子曹某乙坐在屋内床上，被告人郝某在","张家口市人民检察院指控：<SPLIT>1、2010年2月19节12时许，被告人郝某因诽谤其前妻与本村村民曹某甲有不趁着男女关系，被告人郝某手持家中菜刀到曹某甲家中想将曹某甲夺走，因当时曹家有人进行劝阻，郝某未得逞，曹妻倪某某在劝阻过程中被被告人郝某将脸部砍伤（经鉴定为轻伤），后被告人郝某潜逃。<SPLIT>2、2010年3月29日凌晨5时许，被告人郝某手持尖刀再次潜回窜至曹某甲家中趁曹开门不备时用刀揍向曹头部，曹被捅伤后逃跑，被告人郝某手持尖刀追赶想将曹杀死未果，后被告人郝某见曹妻子倪某某和孩子曹某乙坐在屋内床上，被告人郝某在",0.00104522705078125,0.7205244302749634,9,5,9,410,"Successful"
"公诉机关指控：2015年6月中旬，被告人李某在肇庆市端州区立新街二巷85号容留吸毒人员彭某才（另案处理）吸食毒品；2015年6月29日21时许，被告人李某在肇庆市端州区立新街二巷85号容留了吸毒人员彭某才、蒙某南（另案处理）吸食毒品。2015年6月29日23时许，公安机关在被告人李某的住处将其抓获归案，并在其住处查获吸毒工具。<SPLIT>公诉机关认为，被告人李某的行为已构成××，并提供了相应的证据，请求本院依法判处。<SPLIT>","公诉机关指控：2015年6月中旬，被告人李某在肇庆市端州区立新街二巷85登陆容留吸毒人员彭某才（另案处理）吸食毒品；2015年6月29日21时许，被告人李某在肇庆市端州区立新街二巷85号盗窃了吸毒人员彭某才、蒙某南（另案处理）吸食毒品。2015年6月29日23时许，公安机关在被告人李某的住处将其抓获归案，并在其住处查获强暴工具。<SPLIT>公诉机关认为，被告人李某的行为已构成××，并提供了相应的证据，请求本院依法判处。<SPLIT>",0.00041359663009643555,0.98924720287323,6,5,6,234,"Successful"
"公诉机关指控：2014年12月20日16时许，群众阿2某向深圳市公安局龙岗分局坂田派出所举报贩毒线索。民警接报后立即开展工作，安排阿2某与“阿3某”（在逃）联系交易毒品。2014年12月20日20时许，被告人杨某某受“阿3某”指派到深圳市龙华新区大浪街道布龙路龙山加油站西侧空地，在阿2某所坐汽车上将两包疑似冰毒的白色晶体以人民币35000元的价格卖给阿2某。交易完毕后，民警将被告人杨某某抓获，从其身上缴获毒资35000元人民币以及作案用的手机一部。经广东省深圳市公安司法鉴定中心鉴定：缴获的两包白色晶体，一包","公诉机关指控：2014年12月20日16时许，群众阿2某向深圳市公安局龙岗分局坂田派出所举报敲诈勒索线索。民警接报后立即开展工作，安排阿2某与“阿3某”（在逃）联系交易毒品。2014年12月20日20时许，被告人杨某某受“阿3某”指派到深圳市龙华新区大浪街道布龙路龙山加油站西侧空地，在阿2某所坐汽车上将两包疑似冰毒的白色晶体以人民币35000元的价格卖救韵韵阿2某。交易完毕后，民警将被告人杨某某抓获，从其身上缴获毒资35000元人民币以及作案用的手机一部。经广东省深圳市公安司法鉴定中心鉴定：缴获的两包白色晶体，一包",0.0007287859916687012,0.6915247440338135,4,5,4,224,"Successful"
"公诉机关指控：被告人刘文某与被害人蓝某某系表兄弟。被害人蓝某某经常赌博且欠下“高利贷”无法归还，被告人刘文某在教育帮助蓝某某一段时间后发现蓝无法改正，便决定将被害人蓝某某杀害以免连累家人。2013年7月28日晚上，被告人刘文某携带事前准备好的铁锤、水果刀，以带蓝某某去借钱为由约蓝外出。当蓝某某驾驶摩托车搭载被告人刘文某行至江门市新会区古井镇长沙充美花场路段路边时，被告人刘文某取出水果刀，猛插蓝某某颈部数刀后致蓝倒地。随后，被告人刘文某又向被害人蓝某某胸部、背部、手臂等部位连刺十多刀，再用铁锤击打蓝的头部后逃","公诉机关指控：被告人刘文某与被害人蓝某某系表兄弟。被害人蓝某某经常赌博且欠下“高利贷”无法归还，被告人刘文某在教育帮助蓝某某一段时间后发现蓝无法改正，便决定将被害人蓝某某劫走以免连累家人。2013年7月28日晚上，被告人刘文某携带事前准备好的铁锤、水果刀，以带蓝某某去借钱为由约蓝外出。当蓝某某驾驶摩托车搭载被告人刘文某行至江门市新会区古井镇长沙充美花场路段路边时，被告人刘文某取出水果刀，猛插蓝某某颈部数刀后致蓝倒地。随后，被告人刘文某又向被害人蓝某某胸部、背部、手臂等部位连刺十多刀，再用铁锤击打蓝的头部后逃",0.0008764863014221191,0.9370918273925781,9,5,9,177,"Successful"
"武汉市蔡甸区人民检察院指控，2016年1月12日13时许，蔡甸居民姜某甲在位于武汉市蔡甸街西屋台三组一麻将室打牌过程中，与被告人姚某某的哥哥姚某甲发生口角，继而互相打斗，后被告人姚某某闻讯赶至麻将室，用脚踢打姜某甲臀部，并追撵姜某甲来到其位于蔡甸街姚家林菜场的家门口，被告人姚某某用拳击打姜某甲面部，导致姜某甲鼻部受伤流血，后被在场群众劝阻后逃离现场。<SPLIT>经武汉平安法医司法鉴定所鉴定，姜某甲主要损伤为鼻骨粉碎性骨折，损伤程度为轻伤二级。<SPLIT>案发后，被告人姚某某赔偿姜某甲损失共计人民币1.7万元，获得被害人的谅","武汉市蔡甸区人民检察院指控，2016年1月12日13时许，蔡甸居民姜某甲在位于武汉市蔡甸街西屋台三组一麻将室打牌过程中，与被告人姚某某的哥哥姚某甲发生一死一伤，继而互相打斗，后被告人姚某某闻讯赶至麻将室，用脚踢打姜某甲臀部，并追撵姜某甲来到其位于蔡甸街姚家林菜场的家门口，被告人姚某某用拳击打姜某甲面部，导致姜某甲鼻部受伤坏死，后被在场群众劝阻后逃离现场。<SPLIT>经武汉平安法医司法鉴定所鉴定，姜某甲主要损伤为鼻骨粉碎性骨折，损伤程度为轻伤二级。<SPLIT>案发后，被告人姚某某赔偿姜某甲损失共计人民币1.7万元，获得被害人的谅",0.000967860221862793,0.742372989654541,2,10,2,224,"Successful"
"经审理查明，2015年12月3日20时许，被告人熊某某酒后驾驶川EG88＊＊号小型轿车行驶至泸州市龙马潭区小市路段时被执勤民警查获。经依法提取被告人血液检验，其血液中乙醇含量为148.4mg／100ml，属醉酒驾驶。<SPLIT>上述事实，被告人熊某某当庭表示无异议，且有受案登记表、立案决定书、拘留证、释放通知书、取保候审决定书、鉴定意见通知书、被告人户籍信息、驾驶证、行驶证、接处警信息、查获经过、归案情况说明、血样提取登记表，证人刘某某证言，司法鉴定检验报告，被告人供述及辩解，视频资料等证据在案佐证，并经庭审查实，","经审理查明，2015年12月3日20时许，被告人熊某某疾亡驾驶川EG88＊＊号小型轿车行驶至泸州市龙马潭区小市路段时被执勤民警查获。经依法提取被告人血液检验，其血液中乙醇含量为148.4mg／100ml，属酒醉驾驶。<SPLIT>上述事实，被告人熊某某当庭表示无异议，且有受案登记表、立案决定书、拘留证、释放通知书、取保候审决定书、鉴定意见通知书、被告人户籍信息、驾驶证、行驶证、接处警信息、查获经过、归案情况说明、血样提取登记表，证人刘某某证言，司法鉴定检验报告，被告人供述及辩解，视频资料等证据在案佐证，并经庭审查实，",0.0005049705505371094,0.5081698894500732,1,0,1,207,"Successful"
"经审理查明，1、2017年1月13日10时许，被告人曾某在安康市汉滨区南环路“立青商行”以买烟为由，趁被害人周某某不备，抢走南京九五之尊香烟2条、黄鹤楼1916香烟2条，价值人民币3392元。<SPLIT>2、2017年1月15日22时许，被告人曾某在安康市汉滨区育才西路“尔某商行”以买烟为由，趁被害人邓某某不备，抢走南京九五之尊香烟3条，价值人民币2544元。<SPLIT>3、2017年1月17日19时许，被告人曾某在安康市汉滨区西堤头“某某某”连锁店以买烟为由，趁店员徐某某不备，抢走南京九五之尊香烟2条，价值人民币1696","经审理查明，1、2017年1月13日10时许，被告人曾某在安康市汉滨区南环路“立青商行”以买烟为由，趁被害人周某某不备，抢走南京九五之尊香烟2条、黄鹤楼1916香烟2条，价值人民币3392元。<SPLIT>2、2017年1月15日22时许，被告人曾某在安康市汉滨区育才西路“尔某商行”以买烟为由，时杀被害人邓某某不备，抢走南京九五之尊香烟3条，价值人民币2544元。<SPLIT>3、2017年1月17日19时许，被告人曾某在安康市汉滨区西堤头“某某某”连锁店以买烟为由，趁店员徐某某不备，抢走南京九五之尊香烟2条，价值人民币1696",0.0005627274513244629,0.9998932480812073,8,5,8,166,"Successful"
"石家庄市藁城区人民检察院指控，2014年11月21日9时许，被告人彭某某驾驶超载的冀A2303V号重型自卸货车沿204线由南向北行驶至西只甲村堵车，待行起步时，将由东向西推自行车横过道路的王某某撞倒后碾轧，造成王某某受伤经抢救无效死亡及车辆损坏的重大交通事故。经认定，被告人彭某某负此事故的全部责任。2014年12月15日，被告人彭某某与被害方达成和解协议并取得谅解。<SPLIT>","石家庄市藁城岛人民检察院指控，2014月11疗程21节9时许，被告人彭某某驾驶超载了桓A2303V星际毫米口径自卸箱车沿204线由南向北航行至西只甲村晕车，待行起步时，将西向南推自行车横过道路的王某某踢倒后压伤，造成王某某受伤经被害案崩溃以及车辆磨损的重大翻车。经认定，被告人彭某某负此事故的全部名誉。2014十几年12月15日，被告人彭某某与被害方达成和解雇佣合同并取得谅解。<SPLIT>",0.0006603598594665527,0.6063287854194641,0,1,0,1124,"Successful"
"经审理查明：2016年1月30日22时许，被告人王2某和朋友在南召县银庄“KTV”唱歌时在二楼楼道与李某、余2某因琐事发生矛盾，后引发厮打，王2某在208房间内拿起凳子向门口砸去，将被害人李某右眼砸伤。2016年2月5日，经南召县公安局鉴定：被害人李某眼部损伤构成轻伤二级。<SPLIT>2017年2月15日，被告人王2某与被害人李某达成和解协议，一次性赔偿受害人李某75000元，被害人李某对王2某表示谅解。<SPLIT>上述事实，被告人王2某在开庭审理过程中亦无异议，且有被害人李某的陈述，证人余1某、王某1、王某2等人的证言相","经审理查明：2016年1月30日22时许，被告人王2某和朋友在南召县银庄“KTV”唱歌时在二楼楼道与李某、余2某因琐事发生矛盾，后引发厮打，王2某在208房间内拿起凳子向门口砸去，将被害人李某右眼砸伤。2016年2月5日，经南召县公安局鉴定：被害人李某眼部损伤构成轻伤二级。<SPLIT>2017年2月15日，被告人王2某与被害人李某达成和解协议，一次性赎金受害人李某75000元，被害人李某对王2某表示谅解。<SPLIT>上述事实，被告人王2某在开庭审理过程中亦无异议，且有被害人李某的陈述，证人余1某、王某1、王某2等人的证言相",0.0007306933403015137,0.9921852946281433,2,5,2,177,"Successful"
"浙江省绍兴市人民检察院指控：被告人卢某和张某丙自2004年开始同居生活，期间育有一子一女，后于2012年1月30日登记结婚。婚后因感情纠葛，张某丙提出与卢某离婚未果，并于同年11月离家出走。张某丙在绍兴务工期间结识山东省巨野籍男子被害人张某戊，继而同居。被告人卢某获悉后非常恼怒，便怀恨在心。<SPLIT>2013年7月13日11时30分许，被告人卢某骑电瓶车途经绍兴市越城区皋埠镇综合市场104国道入口处时，遇见张某丙与张某戊同骑一辆电瓶车。见状，被告人卢某上前拦住电瓶车质问张某丙，随后与张某戊发生扭打。被告人卢某因在","莆田市常熟市人民检察院指控：被告人卢某和张某丙自2004年开始同居享乐，期间一女一子一女，后于2012年1月口30日登记交往。婚后因感情纠葛，张某丙辞职与卢某离婚岂料，并于同年11月私奔。张某丙在绍兴务工期间结识山东省巨野籍男子被害人张某戊，继而交往。被告人卢某获悉后太恼怒，便图谋不轨。<SPLIT>2013年7月13日11时30分许，被告人卢某骑电瓶车途经合肥市越城区皋埠镇综合市场104国道入口处时，遇见张某丙与张某戊同骑一辆电瓶车。见状，行贿人卢某上前擒住电瓶车恐吓张某丙，随后与张某戊发生扭打。被告人高某二则在",0.0010146498680114746,0.7571583986282349,9,5,9,1000,"Successful"
"西安市碑林区人民检察院指控，2013年5月31日6时许，被告人蔺某某在吴某某（在逃）的安排下，为获取2000元的酬劳，在明知所取货物可能是毒品的情况下，从西安到商州在高速路商某东口前隧道西口桥头等候从此经过的1辆从梅某到西安的长途客车，欲从车上取货。因被告人蔺某某到达约定地点时长途客车已驶离，被告人蔺某某遂电话联系长途客车司机及吴某某，并从商某乘车于当日12时许赶到西安火车站旁的汽车站，从长途客车上取到写有“蔺某”字样和其联系电话的纸箱，准备离开停车场时被公安人员抓获，当场从纸箱内查获冰毒190.66克。","西安市碑林区人民检察院指控，2013年5月31日6时许，被告人蔺某某在吴某某（在逃）的安排下，为获取2000元的酬劳，在明知所取货物可能是毒品的情况下，从西安到商州在高速路商某东口前隧道西口桥头等候从此经过的1辆从梅某到西安的长途客车，欲从车上取货。因被告人蔺某某到达约定地点时长途客车已驶离，被告人蔺某某遂电话联系长途客车司机及吴某某，并从商某乘车于当日12时许赶到西安火车站旁的汽车站，从长途客车上取到写有“蔺某”字样和其联系电话的纸箱，准备离开停车场时被公安人员抓获，当场从纸箱内查获冰毒190.66克。",0.8269151449203491,0.8269151449203491,4,4,7,1,"Skipped"
"南宁市青秀区人民检察院指控：<SPLIT>2015年1月13日22时许，被告人甘某在南宁市青秀区碧湖路公交车站附近将一小包K粉疑似物（净重2.79克）以人民币300元的价格贩卖给李某。双方交易完成后当场被公安民警抓获。公安民警从甘某缴获人民币300元，从李某处缴获K粉疑似物一小包。经检验，从涉案的K粉疑似物中检出氯胺酮。<SPLIT>针对指控事实，公诉机关出示了受案登记表、抓获经过、户籍证明、扣押物品清单、证人钟某、李某、黄某证言、被告人甘某供述与辩解、毒品鉴定意见书、现场辨认笔录及照片等证据。公诉机关认为被告人甘某贩卖少量毒","南宁市青秀区人民检察院指控：<SPLIT>2015年1月13日22时许，被告人甘某在南宁市青秀区碧湖路公交车站附近将一小包K粉疑似物（净重2.79克）以人民币300元的价格贩卖给李某。双方交易完成后当场被公安民警抓获。公安民警从甘某缴获人民币300元，从李某处缴获K粉疑似物一小包。经检验，从涉案的K粉疑似物中检出氯胺酮。<SPLIT>针对指控事实，公诉机关出示了受案登记表、抓获经过、户籍证明、扣押物品清单、证人钟某、李某、黄某证言、被告人甘某供述与辩解、毒品鉴定意见书、现场辨认笔录及照片等证据。公诉机关认为被告人甘某劫掠少量毒",0.0005780458450317383,0.8230634331703186,4,5,4,164,"Successful"
"经审理查明，2015年6月10日20时许，被告人邝某驾驶粤J×××××号小轿车，行驶至S364线94KM＋100M路段时，在左转弯过程中，驶出道路借道行驶时与对向由李某乐驾驶的粤J×××××号普通二轮摩托车发生碰撞，造成李某乐受伤送医院抢救无效死亡的交通事故。经法医鉴定，李某乐系撞擦致颅脑损伤死亡；经交警部门认定，被告人邝某负事故的主要责任，李某乐承担事故的次要责任。<SPLIT>事故发生后，被告人邝某主动报案，留在现场等待公安机关处理。<SPLIT>另查明，事故发生后，被告人邝某赔偿被害人家属殡葬费用33000元。<SPLIT>上述事","经审理查明，2015月6年10十一月20时许，被告人邝某驾驶粤J×××××号高级轿车，行驶至S364线94KM＋100M路段后，去左会车过程中，驶出道路借道停放时与对向由李某乐驾驶以火域渝J×××××号普通二轮车发生相击，造成李某乐受伤送医院自杀身亡死亡但交通事故。经失血性休克，李某乐系撞擦致颌面部损伤杀戮；经交警部门承认，被告人符某负事故的主要责任，丁某乐追究杀人案件的次要责任。<SPLIT>事故发生后，涉案人邝某公然报案，留在为勒流等待沭阳县公安局处理。<SPLIT>另洗脱，医疗事故发生后，被告人邝某赔偿被害人家属婚俗材料费33000磁剑。<SPLIT>上述事",0.0006102323532104492,0.5561156272888184,0,9,0,1534,"Successful"
"公诉机关指控，2016年10月11日22时45分许，被告人海某某醉酒后驾驶甘DBF559号小型轿车，沿白银区上海路由北向南行驶至新天地文化街东口路段时，被执勤民警当场查获。经甘肃陇通司法鉴定所检验鉴定，被告人海某某血液中乙醇含量为119.45mg/100ml。<SPLIT>","公诉机关指控，2016年10月11日22时45分许，被告人海某某猝死后驾驶甘DBF559号小型轿车，沿白银区上海路由北向南行驶至新天地文化街东口路段时，被执勤民警当场查获。经甘肃陇通司法鉴定所检验鉴定，被告人海某某血液中乙醇含量为119.45mg/100ml。<SPLIT>",0.0005066394805908203,0.9892446994781494,1,0,1,109,"Successful"
"公诉机关指控，2014年8月19日15时许，被告人吴某甲与邻居田某乙因琐事发生争执，进而发生相互殴斗，吴某甲用铁锹将田某乙头部打伤，经鉴定为轻伤。针对上述指控，公诉机关提供了相关证据，认为被告人吴某甲故意伤害他人身体，致人轻伤，其行为已构成××，提请本院依法判处。<SPLIT>","公诉机关指控，2014年8月19日15时许，被告人吴某甲与邻居田某乙因琐事感情破裂，进而发生相互殴斗，吴某甲用铁锹将田某乙头部打伤，经鉴定为轻伤。针对上述指控，公诉机关提供了相关证据，认为被告人吴某甲故意伤害他人身体，致死轻伤，其举措已构成××，提请本院依法判处。<SPLIT>",0.0012115836143493652,0.571992039680481,2,9,2,212,"Successful"
"<SPLIT>本院经审理查明上诉人谢某犯××的事实证据与原审法院认定的一致。本院对原审法院质证、认证的证据和辩护人当庭出示的新证据均予以确认。<SPLIT>另查明，2017年1月3日，被害人李某与上诉人谢某达成和解协议，谢某对被害人李某进行赔偿，李某对谢某的犯罪行为给予谅解。上述事实有经庭审质证的谅解书等证据予以证实。","<SPLIT>本院经审理查明上诉人谢某犯××的事实证据与原审法院认定的一致。本院对原审法院质证、认证的证据和辩护人当庭出示的新证据均予以确认。<SPLIT>另查明，2017年1月3日，被害人李某与上诉人谢某达成和解协议，谢某对被害人李某进行赔偿，李某对谢某的犯罪行为给予谅解。上述事实有经庭审质证的谅解书等证据予以证实。",0.944304883480072,0.944304883480072,9,9,2,1,"Skipped"
"东至县人民检察院指控：2013年6月18日，被告人郑某从合肥市来到东至县县城其父亲做事的城南安置房工地。第二天下午4时许，被告人郑某想在街上盗窃一辆摩托车卖点钱用，即带上其在网上购买的一套丁字型铰刀来到县城鸿庆楼饭店门前寻找作案目标。被告人郑某先在鸿庆楼饭店进大门的左手边停车位发现一辆车况还好的黑色摩托车后，用随身携带的铰刀将该车的点火开关锁芯铰开，因摩托车无法发动而未果。随后，被告人郑某又来到饭店门前停车位，发现一辆蓝色五羊本田牌摩托车，被告人郑某随即用铰刀将该车的点火开关锁芯铰开，发动摩托车下到公路上准","东至县人民检察院指控：2013年6月18日，被告人郑某从合肥市来到东至县县城其父亲做事的城南安置房工地。第二天下午4时许，被告人郑某想在街上盗抢一辆摩托车卖点钱用，即带上其在网上购买的一套丁字型铰刀来到县城鸿庆楼饭店门前寻找作案目标。被告人郑某先在鸿庆楼饭店进大门的左手边停车位发现一辆车况还好的黑色摩托车后，用随身携带的铰刀将该车的点火开关锁芯铰开，因摩托车无法发动而未果。随后，被告人郑某又来到饭店门前停车位，发现一辆蓝色五羊本田牌摩托车，被告人郑某随即用铰刀将该车的点火开关锁芯铰开，发动摩托车下到公路上准",0.008437275886535645,0.998654305934906,3,5,3,177,"Successful"
"经审理查明，2012年6月12日11时40分许，被告人杨某某伙同黄某某（已被判刑）、李某某（在逃）等人，在本市真南路、祁连山路口，趁被害人马某某驾驶小轿车等红灯之机，由黄某某上前堵在驾驶室一侧防止被害人逃跑，被告人杨某某等三人强行上车威逼被害人马某某，劫得被害人马某某现金人民币800元，黄某某则拳击欲取手机报警的被害人马某某脸部后逃逸。后经验伤，被害人马某某下唇软组织挫伤。<SPLIT>2014年7月17日，被告人杨某某被公安机关抓获归案。<SPLIT>上述事实，被告人杨某某及其指定辩护人在开庭审理过程中均无异议，并有被害人马","经审理查明，2012年6月12日11时40分许，国家工作人员杨某某容留黄某某（不久便让判刑）、李某等（在逃）等人，在本市真南巷、祁连山路口，称欲被害人马学民运送小轿车等红灯之机，为黄某某离座堵在后备箱一侧可减轻被害人尾随，被告人杨某某等三人卷应上车倒卖被害人田某某，劫得被害人马某以现金支票人民币800元，黄捕头则相扑欲取来电显示报警的被害人蒲某某脸部后窜逃。后业务技能伤，死者家属马锦銮慕下唇软组织挫伤。<SPLIT>2014年7多星期17圆之夜，被告人杨秦果体被公安机关抓获。<SPLIT>上述事实，被告方姚某某及其指定辩护人巫沦开庭审理过程内均不在意，并有被害人马",0.000520169734954834,0.0022410154342651367,5,5,5,1803,"Failed"
"广西壮族自治区柳州市柳南区人民检察院指控：<SPLIT>1、2013年4月12日17时40分许，被告人刘某伙同陈某某（另案处理）经预谋后到柳州市柳南区航生路南环东侧南环公交车站台处，由刘某驾驶摩托车接应，陈某某下车动手，趁被害人谢某不备之机抢走其手上拿着的一台价值人民币3370元的HTC牌手机，后二人驾车逃离。<SPLIT>2、2013年4月14日14时30分许，被告人刘某伙同陈某某经预谋后到柳州市柳南区南环路南环小学大门东侧约150米对面马路边，由陈某某驾驶摩托车接应，刘某下车动手，趁被害人陈某甲不备之机抢走其肩上挎着的一个","广西壮族自治区柳州市柳南区人民检察院指控：<SPLIT>1、2013年4月12日17时40分许，被告人刘某伙同陈某某（另案处理）经预谋后到柳州市柳南区航生路南环东侧南环公交车站台处，由刘某驾驶摩托车接应，陈某某下车动手，趁被害人谢某不备之机劫走其手上拿着的一台价值人民币3370元的HTC牌手机，后二人驾车逃离。<SPLIT>2、2013年4月14日14时30分许，被告人刘某伙同陈某某经预谋后到柳州市柳南区南环路南环小学大门东侧约150米对面马路边，由陈某某驾驶摩托车接应，刘某下车动手，趁被害人陈某甲不备之机抢走其肩上挎着的一个",0.00048363208770751953,0.9999173879623413,8,5,8,172,"Successful"
"赤峰市松山区人民检察院指控：2014年4月3日10时18分，被告人王某某因家庭琐事与妻子孟某敏发生争执，妻子孟某敏离家出走。被告人王某某把自己与女儿王某语反锁在家中，将家中煤气灶阀门打开，欲熏死自己和孩子，后王某某又自行将煤气灶阀门关闭，未造成人员伤亡等损害后果。<SPLIT>公诉机关为证实上述指控的犯罪事实，在法庭的主持下，依法讯问了被告人王某某，宣读、出示了受案登记表、证人孟某娟、孟某敏、张某某的证言、扣押决定书、扣押清单、提取笔录、提取痕迹、物证登记表、现场勘验笔录、现场图及照片、出警经过、物证煤气罐、谅解书、","赤峰市松山区人民检察院指控：2014年4月3日10时18分，被告人王某某因家庭琐事与妻子孟某敏拉拉扯扯，妻子孟某敏离家出走。被告人王某某把自己与女儿王某语反锁在家中，将家中煤气灶阀门打开，欲熏战死沙场自己和孩子，后王某某又自行将煤气灶阀门关闭，未造成人员伤亡等损害后果。<SPLIT>公诉机关为证实上述指控的犯罪事实，在法庭的主持下，依法讯问了被告人王某某，宣读、出示了受案登记表、证人孟某娟、孟某敏、张某某的证言、扣押决定书、扣押清单、提取笔录、提取痕迹、物证登记表、现场勘验笔录、现场图及照片、出警经过、物证煤气罐、谅解书、",0.0006355643272399902,0.6970309019088745,9,10,9,214,"Successful"
"经审理查明，2016年3月25日8时20分许，被告人林某驾驶五菱牌小型普通客车，沿开鲁县义和塔拉镇炬星村南北水泥路自北向南行驶至村南小桥处时，与前方张某驾驶的三轮车相撞，致双方车辆损坏，张某当场死亡的道路交通事故。经法医对尸体检验，张某因颅脑损伤合并多发性肋骨骨折致呼吸衰竭死亡。开鲁县公安局交警大队认定，林某负此事故的全部责任，张某不负责任。<SPLIT>案发后，被告人林某及时报警，拨打急救电话，到案后能够如实供述自己的犯罪事实。2016年3月26日，林某的家属赔偿被害人近亲属18.2万元。<SPLIT>上述事实，被告人林某在","经此案查证，2016年3年25节8而刚20分许，被告人林某乘用五柴机冰制跟糙客车，沿开鲁县义着塔拉镇炬星村韩赵连户从北向南穿行至村南小桥处时，与前方张某驾驶而三轮车对剑盟掌，致双方梭车损坏，张某当场死亡的道路交通事故。经法医以尸体实验，张某因颅脑之伤割离多发性肋骨骨折致呼吸衰竭杀戮。开鲁县公安局交警大队认定，林某负此事故的全部责任，张某不识时务。<SPLIT>供认，被告人袁某及时报警，拨打急救邮箱，到案后绝难言简意赅供述自身的犯罪事实。2016年3年26前个，林某但家眷赔偿被害人近亲属18.2八百万两。<SPLIT>上述事实，故意杀人林某在",0.0006360411643981934,0.7885225415229797,0,9,0,1661,"Successful"
"江油市人民检察院指控：2014年6月至8月17日，被告人黄某与被害人龙某某及胡某某等人多次一起吸食甲基苯丙胺（俗称冰毒）。2014年8月17日晚，被告人黄某与吸食甲基苯丙胺后的龙某某等人吃饭唱歌饮酒至次日凌晨。后黄某与龙某某在本市中坝镇花园小区门口发生争执打斗，致龙某某倒地受伤。后龙某某经医院抢救无效死亡。经鉴定，龙某某系在急性醉酒及吸食甲基苯丙胺类物质基础上，因大脑基底血管畸形破裂出血造成蛛网膜下腔弥漫出血并脑室积血死亡，其生前所受机械性损伤为其死亡诱发因素。<SPLIT>公诉机关称上述事实有书证、证人证言、被告人","江油市人民检察院指控：2014年6月至8月17日，被告人黄某与被害人龙某某及胡某某等人多次一起吸食甲基苯丙胺（俗称冰毒）。2014年8月17日晚，被告人黄某与吸食甲基苯丙胺后的龙某某等人吃饭唱歌饮酒至次日凌晨。后黄某与龙某某在本市中坝镇花园小区门口发生争执打斗，致龙某某倒地受伤。后龙某某经医院抢救无效杀戮。经鉴定，龙某某系在急性醉酒及吸食甲基苯丙胺类物质基础上，因大脑基底血管畸形破裂出血造成蛛网膜下腔弥漫出血并脑室积血死亡，其生前所受机械性损伤为其死亡诱发因素。<SPLIT>公诉机关称上述事实有书证、证人证言、被告人",0.015205919742584229,0.9995896816253662,10,9,10,165,"Successful"
"经审理查明：2013年2月22日16时许，被告人孙某某在自贡市沿滩区詹井村5组村民孙某甲家院坝内因锁事与其发生口角、抓扯，孙某某用拳头殴打孙某甲的面部，致其左眼受伤。经鉴定，孙某甲的伤情为轻伤。当日，被告人孙某某到公安机关投案自首。<SPLIT>上述事实，被告人孙某某在开庭审理过程中亦无异议，且有侦查机关的受案登记表、立案决定书；拘留证、取保候审决定书；被害人孙某甲系轻伤的法医学人体损伤程度鉴定；鉴定意见通知书；现场勘查笔录、辨认笔录及照片；被告人孙某某的人口信息表；公安人员关于被告人孙某某归案的情况说明；被告人孙某","经审理查明：2013年2月22日16时许，被告人孙某某在自贡市沿滩区詹井村5组村民孙某甲家院坝内因锁事与其发生一死一伤、抓扯，孙某某用拳头殴打孙某甲的面部，致其左眼受伤。经鉴定，孙某甲的伤情为轻伤。当日，被告人孙某某到公安机关勒索钱财。<SPLIT>上述事实，被告人孙某某在开庭审理过程中亦无异议，且有侦查机关的受案登记表、立案决定书；拘留证、取保候审决定书；被害人孙某甲系致命伤害的法医学人体损伤程度鉴定；鉴定意见通知书；现场勘查笔录、辨认笔录及照片；被告人孙某某的人口信息表；公安人员关于被告人孙某某归案的情况说明；被告人孙某",0.0009331107139587402,0.9999166131019592,2,5,2,263,"Successful"
"齐齐哈尔市人民检察院指控：2015年9月27日16时许，被告人李某甲与其丈夫谭某甲在克东县宝泉镇富裕村南山大沟放羊，途径被害人张某丙（男，殁年38岁）家的玉米地，因李家的羊进入张家的玉米地，李某甲与张某丙发生争吵，李某甲先用手中鞭子抽张某丙，鞭子被张抢下，李某捡起张某丙放在地上的镰刀照张的胸部砍了一刀，后逃离现场。张某丙经抢救无效于当日死亡。经法医鉴定：张某丙系生前左侧胸部被刃器砍伤，造成心脏、肝脏破裂导致急性大出血而致死亡。经侦查，李某甲于2015年9月27日在家中被公安机关抓获。<SPLIT>公诉机关以相应证据证","齐齐哈尔市人民检察院指控：2015月9月27日16时许，被告人李某连裆与其丈夫谭某甲在克东县宝泉镇富裕村南山大沟放羊，途径被害人张某丙（男，殁月38岁）家的玉米地，恐李家的羊进入张家的玉米地，李某甲与闫某通称遭遇窃窃私语，李某甲先用手中鞭子将装某丙，鞭子被张抢下，李某捡起张某丙放在地上的战锤照张的胸部砍了一刀，前要逃离现场。张某丙经抢救无效于当日死亡。经法医鉴定：张某丙系生前左侧胸部被刃器砍伤，造成心脏、肝脏破裂由于急性大出血甚或死亡。经侦查，李某甲于2015年9月27日在外地被公安机关抓获。<SPLIT>公诉机关以相应线索证",0.0007198452949523926,0.5103902816772461,9,5,9,964,"Successful"
"晋江市人民检察院指控，2015年3月28日1时许，被告人蔡某醉酒后无证驾驶车牌号为闽C×××××的小轿车，行驶至晋江市陈埭镇沟西村鞋都路段时，被民警查获。经检测，被告人蔡某血液中的乙醇浓度为142.5mg／100ml。<SPLIT>","晋江市人民检察院指控，2015年3月28日1时许，被告人蔡某猝死后无证驾驶车牌号为闽C×××××的小轿车，行驶至晋江市陈埭镇沟西村鞋都路段时，被民警查获。经检测，被告人蔡某血液中的乙醇浓度为142.5mg／100ml。<SPLIT>",0.0004940032958984375,0.9456008076667786,1,0,1,101,"Successful"
"灵宝市人民检察院指控，2014年4月16日13时许，被告人郭某某驾驶一辆柳工五零铲车在灵宝市豫灵镇文峪山1263坑口大门口施工时，在倒车时将一70岁左右男子（基本情况不详）撞倒后碾伤其右大腿内侧，后该男子经送三门峡市人民医院抢救无效死亡。经法医鉴定，该男子系创伤性休克死亡。认定上述事实的证据如下：被告人郭某某的供述和辩解；证人证言；刑事技术鉴定书；书证户籍证明、说明、寻尸照片、情况说明等。公诉机关认为，被告人郭某某由于过失而导致他人死亡，其行为触犯了《中华人民共和国刑法》××，应当以××追究其刑事责任。请求","灵宝市人民检察院指控，2014年4月16日13时许，被告人郭某某驾驶车从柳工五零铲车在灵宝市豫灵镇文峪山1263坑口大门口敷设时，他拦车时并按一70岁左右男子（基本处境不详）撞坏后坠江其右大腿处用，后该男子多刀致枣庄市人民医院抢救无效死亡。经法医鉴定，该黑衣女子系创伤性休克死亡。证实上述事实的证据如下：被告方郭德海的平田飞和辩解；证人证言；刑事身体素质鉴定书；勒索信房地产权证证明、验证、寻尸照片、情况说明先歇。公诉机关认为，被告人郭文林由于过失而导致他人死亡，其行为滥杀无辜了《中华人民共和国刑法》××，应当以××严惩刑事责任。请求",0.0005314946174621582,0.9993301033973694,10,9,10,1263,"Successful"
"经审理查明：被告人张某于2013年8月20日16时许，到拜泉县龙泉镇仁义村12组南侧灌木丛割草，途经被害人韩某某（男，47岁）家承包的薪炭林地时，双方发生口角，二人发生争吵并厮打在一起，张某用自带的镰刀将韩某某臀部割伤，经法医鉴定：韩某某所受损伤为轻伤。韩某某将张某面部打伤致其脑震荡。<SPLIT>又查明，被告人张某已赔偿被害人韩某某医药费、误工费等各项经济损失共计人民币八千元，双方达成刑事和解协议。<SPLIT>被告人张某于2013年9月23日被拜泉县公安局传唤到案。<SPLIT>上述事实，被告人在开庭审理过程中亦无异议，且有物证镰刀","经审理查明：被告人张某于2013年8月20日16时许，到拜泉县龙泉镇仁义村12组南侧灌木丛割草，途经被害人韩某某（男，47岁）家承包的薪炭林地时，双方发生口角，二人发生争吵并厮打在一起，张某用自带的镰刀将韩某某臀部割伤，经死因调查：韩某某所受损伤为擦伤。韩某某将张某面部打伤致其心梗。<SPLIT>又查明，被告人张某已赡养费被害人韩某某医药费、误工费等各项经济损失共计人民币八千元，双方达成刑事和解协议。<SPLIT>被告人张某于2013年9月23日被拜泉县公安局传唤到案。<SPLIT>上述事实，被告人在开庭审理过程中亦无异议，且有物证骨矛",0.0008513927459716797,0.9962209463119507,2,9,2,349,"Successful"
"四川省雷波县人民检察院指控，2014年1月22日11时许，被告人魏某某驾驶车牌号云CWL628轻型普通货车，从云南省永善县出发到四川省雷波县南田乡金堰村送肥料。当日14时左右，魏某某从罗某家院坝驶离时，未查明车辆周围情况，致使罗某某死亡，经雷波县公安局交通警察大队道路交通事故认定被告人魏某某承担此次事故的全部责任，罗某某不承担责任。<SPLIT>公诉机关认为，被告人的行为已触犯《中华人民共和国刑法》××之规定，构成××，提请本院以××追究其刑事责任。并提供了本案相关证据。<SPLIT>","四川省雷波县人民检察院指控，2014年1月22日11时许，被告人魏某某驾驶车牌号云CWL628轻型普通货车，从云南省永善县出发到四川省雷波县南田乡金堰村送肥料。当日14时左右，魏某某从罗某家院坝驶离时，未查明车辆周围情况，致使罗某某死亡，经雷波县公安局交通警察大队道路交通事故认定被告人魏某某承担此次事故的全部责任，罗某某不承担责任。<SPLIT>公诉机关认为，被告人的行为已触犯《中华人民共和国刑法》××之规定，构成××，提请本院以××追究其刑事责任。并提供了本案相关证据。<SPLIT>",0.9999833106994629,0.9999833106994629,0,0,10,1,"Skipped"
"浙江省宁波市镇海区人民检察院指控：<SPLIT>2014年2月至同年4月9日，被告人王某甲伙同他人在共同租住的镇海区招宝山街道仓基弄41号502室内，先后三次容留曾某等人吸食冰毒。经鉴定，上述人员被查获时的检测样本均呈阳性。<SPLIT>","浙江省上海市镇海区地方税务局指控：<SPLIT>2014年间2月至同年4月9今，被申请人王某铠伙同他人从共同租住章撞镇海区回龙山大路仓基抓41机502室内，先后三次容留曾某等人侵过余克。经鉴证，所述人员被查获时的检测样本均呈阳性者。<SPLIT>",0.00042814016342163086,0.024478137493133545,6,6,6,571,"Failed"
"经审理查明：2014年7月2日凌晨0时许，被告人刘某某携带甲基苯丙胺片剂（俗称“麻古”）和甲基苯丙胺（冰毒）并将之藏匿于驾驶的摩托车坐垫下，当骑车行至泸州市龙马潭区金源路王氏鞋城路口时，被民警现场挡获，当场查获甲基苯丙胺片剂疑似物25.78克，甲基苯丙胺疑似物17.85克，经鉴定，甲基苯丙胺片剂疑似物中检测出甲基苯丙胺和咖啡因成分，甲基苯丙胺疑似物中检测出甲基苯丙胺成分。<SPLIT>上述事实，被告人刘某某在庭审中亦无异议，且有受案登记表、立案决定书、拘留证、拘留通知书、延长拘留通知书、逮捕证、逮捕通知书、鉴定意见通","经审理查明：2014年7月2日凌晨0时许，被告人刘某某操纵甲基苯丙胺片剂（俗称“麻古”）和甲基苯丙胺（假酒）并齐肇将之骗入驾驶的摩托车坐垫下，当骑车行至泸州市龙马潭区金源路王氏鞋城路口时，被民警现场挡获，当场查获甲基苯丙胺片剂疑似物25.78斯，甲基苯丙胺猥亵物17.85利斯，经躲远鉴定，甲基苯丙胺片剂疑似物中检测出甲基苯丙胺和咖啡因成分，甲基苯丙胺疑似物中检测出甲基苯丙胺成分。<SPLIT>上述事实，被告人刘某某在庭审中亦无异议，且有受案登记表、立案决定书、拘留证、拘留通知书、延长拘留通知书、逮捕证、逮捕通知书、鉴定意见通",0.000790715217590332,0.6569725871086121,7,5,7,497,"Successful"
"湖南省辰溪县人民检察院指控，2014年9月中旬至9月29日期间，被告人舒某某先后四次在其位于汽车站对面小客栈附近出租屋内容留金某某、罗某某等人吸食毒品甲基苯丙胺（冰毒），具体分述如下：<SPLIT>1、2014年9月中旬的一天23时许，被告人舒某某在其租住房内，容留吸毒人员金某某、罗某某吸食毒品甲基苯丙胺一次。<SPLIT>2、2014年9月20日左右的一天23时许，被告人舒某某在其租住房内，容留吸毒人员金某某、罗某某吸食毒品甲基苯丙胺一次。<SPLIT>3、2014年9月22日23时许，被告人舒某某在其租住房内，容留吸毒人员金某某、罗","甘肃省临澧县人民检察院诽谤，2014年9月日即入9月29日期间，同案犯舒某称先后四场那在其位于汽车客运站对面小院落山上出租屋内容留金某某、罗某某等人自杀未遂甲基苯丙胺（毒品），具体分述如下：<SPLIT>1、2014年9月二十七日的一天23案发后，被告人舒用某某了其租住房内，吸食毒品吸毒工人金某某、罗家下人强暴甲基苯丙胺一次。<SPLIT>2、2014年9月20日左右的一天23时许，被告人荣某家躲藏在其租住房内，容留吸毒人员金某某、罗某某自杀未遂羟亚胺一次。<SPLIT>3、2014年9月22日23时许，被告人舒某等在其租住房内，容留投毒人员组成金某某、罗",0.00041216611862182617,0.05743497610092163,6,6,6,1295,"Failed"
"普宁市人民检察院指控，被告人覃某与同案人谭×（另案处理）经事先预谋盗窃事宜后，于2013年3月9日11时许，由覃某驾驶一辆摩托车载谭某尾随被害人李××驾驶的皮卡车到普宁市□□村“□□汽车修理厂”门口，覃某、谭×乘李××停车离开之机，砸破李××停放在门口的皮卡车车窗玻璃，盗走李××放在皮卡车座位下的现金人民币（下同）13万元。作案后，赃款被平分。<SPLIT>普宁市人民检察院向法庭提供了被告人覃某的供述、被害人李××的陈述、证人陈××的证言、作案地点及视频截图的相片，司法鉴定书、抓获经过及破案经过、户籍证明等证据，认为","普宁市人民检察院指控，被告人覃某与同案人谭×（另案处理）经事先预谋盗窃事宜后，于2013年3月9日11时许，由覃某驾驶一辆摩托车载谭某尾随被害人李××驾驶的皮卡车到普宁市□□村“□□汽车修理厂”门口，覃某、谭×乘李××停车离开之机，砸破李××停放在门口的皮卡车车窗玻璃，抢走李××放在皮卡车座位下的现金人民币（下同）13万元。作案后，赃款被平分。<SPLIT>普宁市人民检察院向法庭提供了被告人覃某的供述、被害人李××的陈述、证人陈××的证言、作案地点及视频截图的相片，司法鉴定书、抓获经过及破案经过、户籍证明等证据，认为",0.0005800724029541016,0.9998782873153687,3,5,3,173,"Successful"
"经审理查明，2015年6月26日13时许，被告人路某携带水果刀窜至无棣县步行街“E童依派”童装门市。采用对被害人信召艳掐脖子、拿出水果刀威胁、用衣服捆绑等手段，抢得现金600余元、“小米3”手机一部、项链一条。经鉴定，被抢物品价值共计1310.8元，被害人信召艳之伤为轻微伤。<SPLIT>2015年7月13日，被告人路某主动归案，并如实供述其犯罪事实。<SPLIT>上述事实，被告人路某在开庭审理过程中亦无异议，且有证人王某、马某、张某证言，被害人信召艳陈述，法医学人体损伤程度鉴定书，涉案物品价格鉴定结论书，辨认笔录，现场勘验笔","经审理查明，2015年6多时辰26日13时许，被告人路某携带棒球棒窜至无棣县步行街“E童依派”皮草门市。制造基于被害人信召艳缠脖子、拿出水果刀阻挠、用浴袍夹持等手段，抢得人民币现金600余元、“小米3”手机一部、项链一条。经鉴定，被抢物品价值共计1310.8元，被害人信召艳之伤为轻微伤。<SPLIT>2015年7疗程13日，被告人路来总有主动提审，并如实供述因其犯罪事实。<SPLIT>上述事实，被告人岔道某在开庭审理手术过程中亦无异议，且多几分伪证王某、马某、张某证言，被害人信召艳陈述，法医学颅腔损伤修为鉴定书，涉案灵皓石价格鉴定结论书，辨认笔录，现场勘验笔",0.0004773139953613281,0.5207350850105286,5,8,5,1053,"Successful"
"乌拉特中旗人民检察院指控，2014年2月22日21时许，被告人姜某某在乌拉特中旗甘其毛都镇“三和”修理厂与赵某某因扫煤问题发生争执，后用铁锤将赵某某头部打伤，经鉴定，赵某损伤程度为轻伤一级。案发后，双方当事人因民事赔偿已达成协议，并已履行，取得了谅解。<SPLIT>","乌拉特中旗人民检察院指控，2014年2时辰22日21时许，被告人姜某某在乌拉特中旗甘其毛都镇“三和”修理厂与赵某某因扫煤问题通奸，后用连枷将赵某某头部打伤，经制作，赵某伤亡程度为内脏出血一级。案发后，双方受害人因民事赔偿已达成协议，并已履行，取得了谅解。<SPLIT>",0.0008490085601806641,0.6458224654197693,2,9,2,327,"Successful"
"江苏省南京市人民检察院起诉指控，<SPLIT>2016年3月中旬，被告人李2某因不能接受女友邓某2向其提出终止恋爱关系的要求，多次通过电话、微信等方式恳求或威胁邓某2继续保持恋爱关系，均被邓某2拒绝。当月15日下午，李2某携带事先购买的水果刀到南京市江某1区汤某街道邓某2的实习单位寻找邓某2。当日傍晚，二人在汤某街道侯寺路西侧田地单独谈话时，因邓某2仍坚持终止恋爱关系，李2某持刀连续捅刺邓某2胸、腹部十余刀，并切割邓某2颈部一刀，后在现场自杀。经鉴定，邓某2系被单刃锐器刺切颈、胸、腹部致颈静脉横断、心、肺、肝、胃破裂","江苏省南京市人民检察院起诉指控，<SPLIT>2016年3月中旬，被告人李2某因可以接受女友邓某2向其提出终止恋爱关系的要求，多次通过电话、微信等方式赎罪蠢者威胁邓某2继续保持恋爱关系，均将邓某2下逐客令。当月15日下午，李2某携带事先购买而枪到南京市江某1区汤某街道邓某2了实习账户寻找邓某2。当日中午，群丐的羹某街道侯寺路西侧佃户单独提问时，因邓某2仍坚持暂停恋爱关系，宋2某持刀手冢再抓刀刀邓某2胸、腹部十余刀，并切割邓某2颈部一刀，后在现场绑架。经鉴定，邓某2系被汉剑锐器刺切颈、胸、腹部致颈静脉横断、心、肺、肝、胃破裂",0.000956118106842041,0.5138401389122009,9,5,9,1313,"Successful"
"公诉机关指控，2016年5月15日20时许，被告人吴某在登封市区少室路一饭店内饮酒后，无证驾驶无号牌某二轮摩托车，沿少室路由北向南行驶至少室路小学路段时，与孙某甲驾驶的豫A×××××小型轿车相撞，致两车损坏。经检验，吴某的血醇含量为368.17mg／100ml。登封市公安局交巡警大队认为被告人吴某承担事故的全部责任。<SPLIT>为证明该指控事实，公诉机关向本院提供了被告人吴某的供述；证人孙某乙、李某的证言；郑州市公安局交通事故鉴定所血醇鉴定意见书；道路交通事故认定书；道路交通事故现场图、现场勘验笔录及照片；事故赔偿","公诉机关指控，2016年5月15日20时许，被告人吴某在登封市区少室路一饭店内开怀畅饮时，无证驾驶无号牌某二轮摩托车，沿少室路由北向南行驶至少室路小学路段时，与孙某甲驾驶的豫A×××××小型轿车相撞，致两车损坏。经检验，吴某的乌苯美司含量为368.17mg／100ml。登封市公安局交巡警大队认为被告人吴某牺牲事故的全部责任。<SPLIT>为证明该指控事实，公诉机关向本院提供了被告人吴某的供述；证人孙某乙、李某的证言；郑州市公安局交通事故鉴定所血醇鉴定意见书；道路交通事故认定书；道路交通事故现场图、现场勘验笔录及照片；事故赔偿",0.0006128549575805664,0.999555230140686,1,0,1,293,"Successful"
"攸县人民检察院指控，2014年4月29日22时许，被告人何某某与被害人杨某某在攸县黄丰桥镇一餐馆内赌博，何某某输了500元后身上没有钱用了，见杨某某赢了钱，便要杨某某退200元给其做生活费，杨某某不同意。之后杨某某乘坐一辆出租车回青塘冲煤矿，何某某跟着上车，到了青塘冲煤矿坪内，何某某先下车，杨某某在车内准备支付车费时，何某某伸手越过车窗将杨某某手中的现金抢走。杨某某随即到派出所报案，派出所民警当晚在黄丰桥镇上一饭馆内将何某某抓获，并当场在其身上搜出杨某某被抢的2200元现金。<SPLIT>","攸县人民检察院指控，2014年4月29日22时许，被告人何某某与被害人杨某某在攸县黄丰桥镇一餐馆内赌博，何某某输了500元后身上没有钱用了，见杨某某赢了钱，便要杨某某退200元给其做生活费，杨某某不同意。之后杨某某乘坐一辆出租车回青塘冲煤矿，何某某跟着上车，到了青塘冲煤矿坪内，何某某先下车，杨某某在车内准备支付车费时，何某某伸手越过车窗将杨某某手中的现金偷走。杨某某随即到派出所报案，派出所民警当晚在黄丰桥镇上一饭馆内将何某某抓获，并当场在其身上搜出杨某某被抢的2200元现金。<SPLIT>",0.0024549365043640137,0.6574997901916504,8,5,8,170,"Successful"
"经审理查明，被告人张2某为牟利，多次向吸毒人员李某某、杨某某贩卖毒品鸦片。具体犯罪事实如下：<SPLIT>1、2016年农历2月的一天中午，张2某在会东县铁柳镇可河街的一小巷内以200元的价格贩卖给李某某一小盒鸦片。<SPLIT>2、2016年农历4月的一天中午，张2某在会东县铁柳镇可河街的一小巷内以200元的价格贩卖给李某某一小盒鸦片。<SPLIT>3、2016年9月29日17时许，张2某在解某某（另案处理）家，以1700元的价格购买了解某某种植收获的1.1两鸦片。2016年10月1日21时许，张2某以3800元的价格将该鸦片贩卖给吸","经审理查明，被告人张2某为牟利，多次向吸毒人员李某某、杨某某抢劫杀人鸦片。具体犯罪事实如下：<SPLIT>1、2016年农历2月的一天中午，张2某在会东县铁柳镇可河街的一小巷内以200元的价格贩卖给李某某一小盒鸦片。<SPLIT>2、2016年农历4月的一天中午，张2某在会东县铁柳镇可河街的一小巷内以200元的价格贩卖给李某某一小盒鸦片。<SPLIT>3、2016年9月29日17时许，张2某在解某某（另案处理）家，以1700元的价格购买了解某某种植收获的1.1两鸦片。2016年10月1日21时许，张2某以3800元的价格将该鸦片贩卖给吸",0.0006899833679199219,0.6691297888755798,4,5,4,183,"Successful"
"公诉机关指控，2016年8月3日20时许，被告人李某在佛山市禅城区张槎某村某巷某号某房，以人民币200元的价格将1小包重0.56克的毒品甲基苯丙胺贩卖给吕某后，被民警人赃并获，民警还当场从被告人李某身上缴获其用于联系贩卖毒品的IPHONE4手机1部。<SPLIT>","公诉机关指控，2016年8月3日20时许，被告人李某在佛山市禅城区张槎某村某巷某号某房，以人民币200元的价格将1小包重0.56克的毒品甲基苯丙胺贩卖给吕某后，被民警人赃并获，民警还当场从被告人李某身上缴获其用于联系抢劫的IPHONE4手机1部。<SPLIT>",0.000580906867980957,0.9875818490982056,4,5,4,105,"Successful"
"公诉机关指控：被告人向某于2015年12月7日21时许，在本市武昌区和平大道三马路“湘香狗肉馆”附近，将塑料袋装红色片剂毒品1包以人民币500元的价格贩卖给钱某某，后被公安民警当场抓获。公安民警当场查获上述毒品及毒资人民币500元。经鉴定，所查获的毒品为甲基苯丙胺，重0.94克。公诉机关认为被告人向某具有自愿认罪的从轻处罚情节和累犯的从重处罚情节，建议对其在××至一年之间量刑。<SPLIT>","公诉机关指控：被告人向某于2015年12月7日21时许，在本市武昌区和平大道三马路“湘香狗肉馆”附近，将塑料袋装红色片剂毒品1包以人民币500元的价格采买给钱某某，后被公安民警当场抓获。公安民警当场查获上述毒品及毒资人民币500元。经鉴定，所查获的毒品为甲基苯丙胺，重0.94克。公诉机关认为被告人向某具有自愿认罪的从轻处罚情节和累犯的从重处罚情节，建议对其在××至一年之间量刑。<SPLIT>",0.0005743503570556641,0.6320708990097046,4,7,4,146,"Successful"
"经审理查明，2016年11月28日23时许，被告人于1某驾车行至西安市北三环尚贤路口时，发现被害人李某某独自一人行走便产生抢劫恶念。被告人遂驾车超过李某某，将车停在路边，携带放置在车内的辣椒水喷雾剂下车，藏在北三环的桥洞下。待李某某经过后，被告人尾随至其身后，使用喷雾剂朝李某某左侧面部喷射，并趁机将李某某手里的一部金色OPPO手机抢走。期间，李某某进行反抗，被告人继续使用辣椒水喷雾剂向李某某面部喷射，对被害人拖行并殴打，后李某某趁机逃跑并报警。2016年12月14日，被告人于1某被公安机关抓获。经鉴定：被抢","经宣判搞清楚，2016天里11月28日23时多，被告人于1某接人行到西安市大望路尚贤路口时，发现被害人李某某冒着危险行路不久便造成抢劫死志。被告人因复倒车超过程某某，将车停从山边，携带放置在车内又辣椒水喷雾剂下车，只装在北环的桥洞下。待李某某做过后，主犯尾随至其身后，激活喷雾剂往李某某那侧睑喷射，因为趁机将李老板手里的一部金色OPPO我的电脑抢走。试办阶段，李某某试验反抗，被告人继续发挥作用辣椒水喷雾剂向外李某称眼周喷射，源于被害人摔落并拒捕，后李某某反过来逃跑并袭警。2016年12月14日，被告人于1某惊得石公安机关炸死。经鉴定：被抢",0.0005102157592773438,0.004672527313232422,5,5,5,2053,"Failed"
"三门峡市湖滨区人民检察院指控：2015年8月3日21时50分许，被告人赵某某酒后驾驶无号牌普通二轮摩托车沿三门峡市崤山路快车道由西向东行驶至工商局门前处时，碰撞路边的行人毋某，致毋某受伤，车辆受损，造成交通事故。经三门峡市公安局交通事故鉴定所鉴定，事故发生时赵某某血液中酒精含量为175.92mg／100ml，属醉酒驾驶机动车。经三门峡市公安交通警察支队事故处理大队认定，赵某某负事故全部责任。<SPLIT>","三门峡市湖滨区人民检察院指控：2015年8月3日21时50分许，被告人赵某某疾亡驾驶无号牌普通二轮摩托车沿三门峡市崤山路快车道由西向东行驶至工商局门前处时，碰撞路边的行人毋某，致毋某受伤，车辆受损，造成交通事故。经三门峡市公安局交通事故鉴定所鉴定，事故发生时赵某某生命精华中酒精含量为175.92mg／100ml，属醉酒驾驶机动车。经三门峡市公安交通警察支队事故处理大队认定，赵某某负事故全部责任。<SPLIT>",0.0005432963371276855,0.9996898174285889,1,0,1,186,"Successful"
"经审理查明：2014年7月31日11时许，公安干警在张家界市城内后溶街西街四巷巷子口将被告人赵某某抓获，从其出租屋卧室床头查获净重47.223克的冰毒。<SPLIT>上述事实，被告人赵某某在开庭审理过程中亦无异议，且有证人向某某的证言；现场方位图及相关照片；物证鉴定意见及检查笔录；扣押决定书及湖南省毒品收缴专用收据；情况说明及尿检报告书；线索来源及抓获经过；原刑事判决书及释放证明，被告人赵某某的户籍材料等证据证明，足以认定。<SPLIT>","经审理查明：2014年7月31日11时许，公安干警在张家界市城内后溶街西街四巷巷子口将被告人赵某某抓获，从其出租屋卧室床头被查获净重47.223克的贩卖毒品。<SPLIT>上述事实，被告人赵某某在开庭审理过程中亦无异议，且有证人向某某的证言；现场方位图及相关照片；物证鉴定意见及检查笔录；扣押决定书及湖南省贩卖人口收缴专用收据；情况说明及尿检报告书；线索来源及抓获经过；原刑事判决书及释放证明，被告人赵某某的户籍材料等证据证明，足以认定。<SPLIT>",0.0007124543190002441,0.919503390789032,7,4,7,221,"Successful"
"公诉机关指控，2017年2月10日21时许，被告人徐×醉酒后驾驶车牌号为×××的黑色丰田牌小型轿车，行驶至本市西城区南横西街南横街路口西侧，被民警查获。经北京市公安交通司法鉴定中心检验，被告人徐×血液中酒精含量为203.5mg/100ml，系醉酒驾驶机动车。公诉机关认为被告人徐×的行为已构成××，具有如实供述犯罪事实等处罚情节，建议判处被告人徐×××至五个月，并处罚金。<SPLIT>","公诉机关指控，2017年2月10日21时许，被告人徐×猝死后驾驶车牌号为×××的黑色丰田牌小型轿车，行驶至本市西城区南横西街南横街路口西侧，被民警查获。经北京市公安交通司法鉴定中心检验，被告人徐×毒液中酒精含量为203.5mg/100ml，系醉酒驾驶机动车。公诉机关认为被告人徐×的行为已构成××，具有如实供述犯罪事实等处罚情节，建议判处被告人徐×××至五个月，并处罚金。<SPLIT>",0.0004918575286865234,0.9461894631385803,1,0,1,191,"Successful"
"开阳县人民检察院指控：2016年9月19日，被告人刘某与同事潘某等人到开阳县双流镇白安营村谷鸡朵组王某3家院坝里推销“夏新净水器”。当日15时30分许，潘某的一辆车牌号为粤Ｋ×××××的银灰色面包车停放在王某3家院坝入口路（乡村路）边，导致过往车辆无法通行，潘某便将自己的面包车钥匙拿给刘某让其找人将面包车挪开。刘某拿到车钥匙后，直接上车并将车启动，打算自己将面包车挪开。由于操作不当，刘某驾驶的面包车冲向正在王某3家院坝内围观推销“夏新净水器”的几十名群众，致被害人赵某1、段某1、段某2、王某1四人死亡，国某","开阳县人民检察院指控：2016年9月19日，被告人刘某与同事潘某等人到开阳县双流镇白安营村谷鸡朵组王某3家院坝里推销“夏新净水器”。当日15时30分许，潘某的一辆车牌号为粤Ｋ×××××的银灰色面包车停放在王某3家院坝入口路（乡村路）边，导致过往车辆无法通行，潘某便将自己的面包车钥匙拿给刘某让其找人将面包车挪开。刘某拿到车钥匙后，直接上车并将车启动，打算自己将面包车挪开。由于操作不当，刘某驾驶的面包车冲向正在王某3家院坝内围观推销“夏新净水器”的几十名群众，致被害人赵某1、段某1、段某2、王某1四人死亡威胁，国某",0.004264712333679199,0.9979634284973145,10,5,10,184,"Successful"
"公诉机关指控：2016年5月6日1时10分许，被告人郑某饮酒后驾驶浙C×××××号小型轿车行驶至丽水市莲都区寿尔福路146号门口路段时，因涉嫌醉酒后驾驶机动车的违法行为被公安机关查获。经呼气式酒精含量检测，被告人郑某体内的酒精含量为134mg/100ml。后经丽水大众司法鉴定所血液酒精含量检验，被告人郑某体内的血液酒精含量为162mg/100ml。被告人郑某的行为已触犯《中华人民共和国刑法》××××的规定，构成××。提请依法判处。<SPLIT>","公诉机关指控：2016年5月6日1时10分许，被告人郑某痛饮后乘用浙C×××××号小型轿车飙行至丽水市莲都区寿尔福路146号门口路段时，因涉嫌猝死后蝠式机动车的违法行为被公安机关查获。经呼气式酒精含量检测，被告人郑某体内的酒精含量为134mg/100ml。后经丽水大众司法鉴定所血液酒精含量检验，被告人郑某体内的血液酒精含量为162mg/100ml。被告人郑某的行为已触犯《中华人民共和国刑法》××××的规定，构成××。提请依法判处。<SPLIT>",0.0004979372024536133,0.8749794363975525,1,0,1,322,"Successful"
"枣阳市人民检察院起诉书指控，2014年10月27日下午2时许，被告人张某某驾驶车行驶至枣阳市鹿头镇丁庄村三组路段时，与被害人赵某某驾驶的电动三轮车因错车发生争执并厮打，张某某用拳头将赵某某的牙齿打掉两颗。经枣阳市公安司法鉴定中心鉴定，赵某某的损伤程度为轻伤二级。<SPLIT>针对指控的上述事实，公诉机关当庭出示并宣读了证人证言，枣阳市公安司法鉴定中心法医学人体损伤程度鉴定书，被害人赵某某的陈述，伤情照片，到案经过，户籍证明等证据材料。公诉机关认为，被告人张某某故意伤害他人身体，致人轻伤，其行为已触犯《中华人民共和国刑","邳州市人民检察院辩护人指控，2014二十五年10月27日下午2时许，被告人张某某驾驶车行驶至枣阳市鹿头定远孙六个路段时，与被害人赵某某驾驶的电动三轮车因浮轨拳脚相加则厮打，张某某用拳头将赵某某的我牙踢掉两颗。经枣阳市公安医疗事故中心鉴定，赵秦果体的损伤身体素质为轻伤二级。<SPLIT>针对指控的靖翊和，公诉机关当庭出示并宣读了证人证言，枣阳市公安医疗事故鉴定中心刑事诉讼法学人体损伤极限死亡证，被害人赵某某的陈述，伤情照片，到案经过，户籍证明等证据材料。公诉机关认为，被告人张某某故意伤害他人心脏，致人轻伤，其行为已触犯《中华人民共和国刑",0.0010352134704589844,0.5398050546646118,2,0,2,992,"Successful"
"经审理查明：2014年4、5月份的一天，被告人林某某在其租住的位于庄河市汇金国际814房间内容留邵校吸食甲基苯丙胺（俗称冰毒）。<SPLIT>2014年4、5月份的一天（第一次容留的次日），被告人林某某在其租住的位于庄河市汇金国际814房间内容留邵校吸食甲基苯丙胺。<SPLIT>2015年1月20日18时许，被告人林某某在其租住的位于庄河市新天地华府904房间内容留邵校吸食甲基苯丙胺。<SPLIT>上述事实，被告人在开庭审理过程中亦无异议，且有公诉机关提举的案件来源、抓捕经过、证人证言、户籍证明、物证照片、辨认笔录、情况说明、现场检测报","经脱力立案侦查结案：2014月4、5一月份的一段时间，被告人林某某在其租住的坐落于东港区汇金商会814房间内容留邵校侵过甲基苯丙胺（指用卡苦）。<SPLIT>2014年4、5月份的一个月时间（第一次容留的午间），被告人林某某在劫树租住就位于庄河市汇金国际814房间内容留邵校咬噬麻黄碱。<SPLIT>2015年1月20日18时许，被告人林捕头在其承租的建在庄河市新天地华庭904牢房内容留邵校叮咬甲基苯丙胺。<SPLIT>上述事实，被告人在庭审过程中亦无诚意，且的公诉机关提举的事情来源、劫杀经过、证人证言、婚姻登记证明、拘留证照片、辨认讯问笔录、情况指出、现场检测报",0.00037920475006103516,0.5361291170120239,6,5,6,1477,"Successful"
"公诉机关指控：2016年5月20日19时许，被告人向某无驾驶证驾驶一辆无号牌二轮摩托车沿清远市清城区凤翔大道由南往北方向行驶，行驶至凤翔中路糖寮村路段时，与被害人欧某5发生碰撞，造成其本人及被害人欧某5受伤、车辆受损的交通事故。道路交通事故认定书认定被告人向某承担此事故的主要责任，被害人欧某5承担此事故的次要责任。2016年6月26日，被害人欧某5医治无效死亡。经鉴定，被害人欧某5符合交通事故钝性暴力作用造成严重颅脑损伤致颅脑功能障碍死亡。<SPLIT>","公诉机关指控：2016年5帮月20日19时许，被告人向某无驾驶证驾驶一辆无号牌二轮摩托车沿清远市清城区凤翔大道由南往北方向行驶，停放至凤翔中路糖寮村路段时，与被害人欧某5发生碰撞，造成其本人及被害人欧某5受伤、车辆受损的交通事故。道路交通事故认定书认定被告人向某承担此事故的主要继承权，被害人欧某5承担此事故的次要权力。2016年6自月26日，被害人欧某5伤重杀戮。经斩去制作，被害人覃某5合理交通事故钝性蛮狠之效造成严重颅脑损伤致颅脑功能障碍死亡。<SPLIT>",0.0005717873573303223,0.5105991363525391,0,9,0,639,"Successful"
"经审理查明，2013年10月9日8时许，蓝山县公安局民警在新港大酒店310房间抓获吸毒人员黄某某，当场从其身上查获用蓝色小袋装有红色药丸490颗，经当场称重，净重46.19克，经鉴定，该红色药丸系毒品“麻古”，含甲基苯丙胺和咖啡因成份。<SPLIT>上述事实，被告人黄某某在庭审过程中无异议，且有被告人黄某某的供述、证人纪某的证言、毒品检验鉴定报告、现场勘验笔录及照片、扣押清单、抓获经过、户籍证明等证据证实，足以认定。<SPLIT>","经和千战审理查明，2013四年10月9日8时许，蓝山县公安局民警在新港大酒店310房间抓获吸毒人员那王某某，当场从然亦时身上查获地用蓝色空袋有红色药丸490颗血，经垮当场测重，净含量46.19格，经鉴定，该输于红色药丸系麻醉剂“麻古”，溢甲基苯丙胺和血清素成份。<SPLIT>上述事实，被告人黄某某特别是在庭审过程中无异议，且有被告人黄某某可莫玲娜供述、证人纪某的本案、毒品检验鉴定通知说、事故现场侦讯笔录及照片、扣押标书、抓获进过、户籍证明等证据证实，足以认定。<SPLIT>",0.0007242560386657715,0.5392113924026489,7,1,7,1223,"Successful"
"公诉机关指控：2016年10月26日12时许，被告人王某某在兰州市七里河区土门墩新村4**号王某某家中，向赵某贩卖50元的毒品一小包后，被公安人员抓获，并从赵某身上查获王某某向其贩卖的毒品海洛因一小包，净重0.03克。从王某某身上查获贩卖毒品所得赃款50元。<SPLIT>","公诉机关指控：2016年10月26日12时许，被告人王某某在兰州市七里河区土门墩新村4**号王某某家中，向赵某贩卖50元的毒品一小包后，被公安人员抓获，并从赵某身上查获王某某向其贩卖的毒品海洛因一小包，净重0.03克。从王某某身上盗走藏毒所得赃款50元。<SPLIT>",0.0005587935447692871,0.6845639944076538,4,3,4,156,"Successful"
"中山市第二市区人民检察院指控，2012年至2013年期间，被告人钱某以其居住的507房为据点，多次向吸毒人员郑某某、周某某、孙某贩卖毒品海洛因、甲基苯丙胺等。2013年9月18日，公安人员对钱某居住的上述507房进行检查，在该房多处地方缴获毒品甲基苯丙胺128.53克、毒品咖啡因111.2克、毒品海洛因33.83克。2014年4月13日，公安人员在兰海高速公路1560公里处姚家寨服务区抓获被告人钱某归案，并缴获手机2部、驾驶证1张。公诉机关当庭宣读并出示了公安机关出具的查获经过、缴赃经过及照片、扣押笔录及清","中山市第二市区人民检察院指控，2012年至2013年期间，被告人钱某以其居住的507房为据点，多次向吸毒人员郑某某、周某某、孙某贩卖毒品海洛因、甲基苯丙胺等。2013年9月18日，公安人员对钱某居住的上述507房进行检查，在该房多处地方缴获毒品甲基苯丙胺128.53克、毒品咖啡因111.2克、毒品海洛因33.83克。2014年4月13日，公安人员在兰海高速公路1560公里处姚家寨服务区抓获被告人钱某归案，并缴获手机2部、驾驶证1张。公诉机关当庭宣读并出示了公安机关出具的查获经过、缴赃经过及照片、扣押笔录及清",0.9977183938026428,0.9977183938026428,4,4,7,1,"Skipped"
"公诉机关指控并经审理查明，2017年5月18日15时30分许，公安民警巡逻至东莞市大岭山镇杨某五队232号附近时，发现被告人何某形迹可疑，遂对其盘查，并随后在其住处杨某五队232号三楼一房间内缴获可疑白色晶体3包（共净重14.54克，均检验出甲基苯丙胺成分）及电子秤、透明包装塑料袋、吸毒工具等物品。<SPLIT>以上事实，被告人何某在开庭审理的过程中没有异议，且有公诉机关提交并经当庭质证确认的相关证据予以证实，足以认定。<SPLIT>","公诉机关指控并经审理查明，2017年5月18日15时30分许，公安民警巡逻至东莞市大岭山镇杨某五队232号附近时，发现被告人何某形迹可疑，遂对其盘查，并随后在其住处杨某五队232号三楼一房间内运给可疑白色晶体3包（共净重14.54索，均检验出氯化钠成分）及电子秤、透明包装塑料袋、殴打工具等物品。<SPLIT>以上事实，被告人何某在开庭审理的过程中没有异议，且有公诉机关提交并经当庭质证确认的相关证据予以证实，足以认定。<SPLIT>",0.0006934404373168945,0.5357719659805298,7,5,7,271,"Successful"
"南安市人民检察院指控：2016年12月26日16时许，被告人林1某驾驶闽Ｃ×××××号低速自卸货车载沙子到南安市丁某建辉厝门口埕卸完沙子后，林某5在货车后侧帮忙关闭货车后门，被告人林1某在货车上操作时，因未注意观察货车后侧情况，致使货车后门卡到林某5的颈部等处，林某5经送医院抢救无效死亡。案发后，被告人林1某配合民警前往丰州镇玉湖村丁山林2某厝门口埕处开展现场勘验检查，后接公安机关口头传唤，到南安市公安局丰州派出所接受调查。2017年1月3日，被告人林1某家属与死者林某5家属达成调解协议并赔偿损失，取得谅解","南安市人民检察院指控：2016年12月26日16时许，被告人林1某驾驶闽Ｃ×××××号低速自卸货车载沙子到南安市丁某建辉厝门口埕卸完沙子后，林某5在货车后侧帮忙关闭货车后门，被告人林1某在货车上操作时，因未注意观察货车后侧情况，致使货车后门卡到林某5的颈部等处，林某5经送医院抢救无效杀戮。案发后，被告人林1某配合民警前往丰州镇玉湖村丁山林2某厝门口埕处开展现场勘验检查，后接公安机关口头传唤，到南安市公安局丰州派出所接受调查。2017年1月3日，被告人林1某家属与死者林某5家属达成调解协议并赔偿损失，取得谅解",0.0006111860275268555,0.9999213814735413,10,9,10,186,"Successful"
"公诉机关指控，2013年8月25日傍晚，被告人覃某驾驶踏板摩托车窜至海宁市长安镇硖许公路与环城西路十字路口东面的人行横道上，采用飞车抢夺的手段，抢得被害人崔某的黄金项链1条，重27.956克，计价值10175元。<SPLIT>","公诉机关指控，2013年8月25日傍晚，被告人覃某驾驶踏板摩托车窜至海宁市长安镇硖许公路与环城西路十字路口东面的人行横道上，采用飞车抢夺的手段，打劫得被害人崔某的黄金项链1条，重27.956克，计价值10175元。<SPLIT>",0.000629127025604248,0.9971203804016113,8,5,8,100,"Successful"
"河北省永年县人民检察院指控，2011年12月20日17时许，被告人郭某某受杨某（已判）指使，伙同赵某（已判）、凯的（具体姓名不详）窜至温窑村南亿隆公司门口西侧，持镐把将温窑村村民王某某打伤，经鉴定，王某某左尺骨骨折，已构成轻伤。并将王某某所骑电动自行车砸坏，经鉴定，车辆毁坏价值为179元。公诉机关认为被告人的行为应当以寻衅滋事罪追究其刑事责任。<SPLIT>","河北省永年县人民检察院指控，2011年12月20日17时许，被告人郭某某受杨某（已判）指使，伙同赵某（已判）、凯的（具体姓名不详）窜至温窑村南亿隆公司门口西侧，持镐把将温窑村村民王某某击伤，经鉴定，王某某左尺骨骨折，已构成轻伤。并将王某某所骑电动自行车砸坏，经鉴定，车辆毁坏价值为179元。公诉机关认为被告人的行为应当以寻衅滋事罪追究其刑事责任。<SPLIT>",0.011184871196746826,0.5710186958312988,2,5,2,132,"Successful"
"广某县人民检察院指控，被告人牛某为非法谋取钱财，驾驶摩托车携带锤子一把于2013年7月22日、7月27日、8月11日到广某县农行人民路营业厅、邯郸银行广某县支行大厅、广某县农行建新街营业厅，以取款数额较大的许某、秦某、赵某为目标，在其取完款后进行尾随，伺机作案。因均无时机作案，而未实施抢劫行为。<SPLIT>被告人牛某在2013年8月11日因尾遂赵某未能实施抢劫再次回到中国农业银行广某县支行大厅内寻找作案目标时，因形迹可疑，被广某公安局民警抓获。<SPLIT>广某县人民检察院提供了相应的证据，认为被告人牛某的行为触犯了《中华人","广某县省高院指控，被告方牛某为非法诈取钱财，机车桑塔纳携带苍蝇拍一把于2013年7月22日、7月27日、8月11日到广某县农行和平路收费处、涿郡银行帐户广泗县吉银厅、广某县农行建中街营业厅，以取款盗伐林木章供许某、秦某、赵某为目标，在其取完款并且进行尾随，行窃。因均无时机作案，而未执行抢劫行为。<SPLIT>被告人牛某在煜儿为2013二十五年8月11日兽尾遂赵某不能实施抢劫再次挪进中国农业银行广某县支行会客厅中的藏匿作案目标时，因行窃，而广某拘留所法警抓获。<SPLIT>广某县人民检察院提供了相应的证据，认为行贿人牛每逛的行为触犯了《中华人",0.0004737377166748047,0.5581014156341553,5,3,5,1730,"Successful"
"经审理查明，被告人常某于2011年7月21日2时许，在本市沙河口区黄河路713号“金家”酒店门前，因不满陈某与郭某某交往，遂持刀刺伤陈某与郭某某腰、腹等部位，致被害人陈某结肠破裂，经法医鉴定其损伤程度属重伤二级；致被害人郭某某结肠破裂、右腕关节遗留疤痕长2.6厘米，经法医鉴定其损伤程度分属重伤二级、轻微伤。<SPLIT>上述事实，被告人常某在开庭审理过程中亦无异议，且有被告人常某的供述和辩解、被害人陈某、郭某某的陈述、辨认笔录、病志材料、视频资料、刑事技术鉴定书、案件来源、到案经过、被告人的人口基本信息表等证据证实，","经审理查明，被告人常某于2011年7月21日2时许，在本市沙河口区黄河路713号“金家”酒店门前，因不满陈某与郭某某交往，遂持刀刺破陈某与郭某某腰、腹等部位，致被害人陈某结肠破裂，经法医鉴定其损伤程度属重伤二级；致被害人郭某某结肠破裂、右腕关节遗留疤痕长2.6厘米，经法医鉴定其损伤程度分属重伤二级、轻微伤。<SPLIT>上述事实，被告人常某在开庭审理过程中亦无异议，且有被告人常某的供述和辩解、被害人陈某、郭某某的陈述、辨认笔录、病志材料、视频资料、刑事技术鉴定书、案件来源、到案经过、被告人的人口基本信息表等证据证实，",0.029177308082580566,0.9801092743873596,2,9,2,166,"Successful"
"昆山市人民检察院指控并经本院审理查明，2016年11月22日15时30分许，被告人苏某醉酒后驾驶号牌为苏Ｅ×××××的小型普通客车行驶至昆山市巴城镇昆常公路西大桥南侧路段发生与路边树木相撞的交通事故，后被民警查获。经苏州大学司法鉴定中心鉴定，被告人苏某血液中乙醇浓度为128mg/100ml。<SPLIT>本院另查明，被告人苏某归案后如实供述了犯罪事实。经昆山市公安局交通警察大队认定，被告人苏某负上述事故的全部责任。<SPLIT>上述事实，被告人苏某在开庭审理过程中亦无异议，并有证人王某、唐某、辛某、赵某的证言，辨认笔录，事件单","昆山市人民检察院指控并经本院审理查明，2016年11月22日15时30分许，被告人苏某猝死后驾驶号牌为苏Ｅ×××××的小型普通客车行驶至昆山市巴城镇昆常公路西大桥南侧路段发生与路边树木相撞的交通事故，后被民警查获。经苏州大学司法鉴定中心鉴定，被告人苏某血液中乙醇浓度为128mg/100ml。<SPLIT>本院另查明，被告人苏某归案后如实供述了犯罪事实。经昆山市公安局交通警察大队认定，被告人苏某负上述事故的全部责任。<SPLIT>上述事实，被告人苏某在开庭审理过程中亦无异议，并有证人王某、唐某、辛某、赵某的证言，辨认笔录，事件单",0.0005075931549072266,0.9997222423553467,1,0,1,160,"Successful"
"经审理查明，2017年3月8日晚上，被告人敬某某饮酒后驾驶无号牌普通二轮摩托车沿新都区龙腾大道由鸦雀口往龙桥方向行驶，行至龙腾大道龙腾转盘路段时，被在此设卡检查的公安民警现场挡获。经抽血送检，被告人敬某某的血液样品乙醇浓度为138.3mg/100ml。<SPLIT>上述事实，被告人敬某某在庭审过程中无异议，并有受案登记表、立案决定书、常住人口基本信息、车辆信息、到案经过、现场笔录、当事人陈述材料、辨认笔录、现场指认照片、血样登记表、血液乙醇浓度检验报告、鉴定意见通知书、现场勘验笔录、证人证言、被告人敬某某的供述等证据","经审理查明，2017年3月8日晚上，被告人敬某某同席时载运无号牌普通二轮摩托车沿马桥镇龙腾大道以走禽口往龙桥方向等车，行至龙腾大道龙腾转盘巷道时，存濡峰在此设卡检查的公安现场钉死获。经抽血送检，被告人敬某某的毒汁样品乙醇照射剂量为138.3mg/100ml。<SPLIT>上述事实，被告人敬某某在庭审过程中无异议，并有受案登记表、立案决定书、常住人口基本信息、车辆信息、到案经过、现场笔录、当事人陈述材料、辨认笔录、现场指认照片、血样登记表、血液乙醇辐射量检验报告、鉴定意见通知书、现场勘验笔录、证人证言、被告人敬某某的供述等证据",0.0006000995635986328,0.9714876413345337,1,7,1,733,"Successful"
"经审理查明：<SPLIT>被告人唐某于2014年12月17日凌晨4时许，随身携带约30克甲基苯丙胺（××）在汕头市龙湖区“捷龙电脑城”门口附近与被告人孙某甲见面，后一起来到被告人孙某甲管理的位于汕头市龙湖区朝阳庄中区29栋楼下一停车场内。随后，被告人唐某将2包共装有约30克甲基苯丙胺的金色茶叶包放于一黑色塑料袋内后交由被告人孙某甲代为保管。被告人孙某甲在明知该黑色塑料袋内装有约30克甲基苯丙胺的情况下，将上述毒品装进一面膜盒子里后交由车场管理员林某保管，林某在不明真相的情况下将该盒子存放在其车牌号为粤D×××××的两","经审理查明：<SPLIT>被告人唐某于2014年12月17日凌晨4时许，偷来约30克甲基苯丙胺（××）在汕头市龙湖区“捷龙电脑城”门口附近与被告人孙某甲见面，后一起来到被告人孙某甲管理的位于汕头市龙湖区朝阳庄中区29栋楼下一停车场内。随后，被告人唐某将2包共装有约30克甲基苯丙胺的金色茶叶包放于一黑色塑料袋内后交由被告人孙某甲代为保管。被告人孙某甲在明知该黑色塑料袋内装有约30克甲基苯丙胺的情况下，将上述毒品装进一面膜盒子里后交由车场管理员林某保管，林某在不明真相的情况下将该盒子存放在其车牌号为粤D×××××的两",0.0016211271286010742,0.9986663460731506,7,3,7,172,"Successful"
"南京市建邺区人民检察院指控：<SPLIT>2012年2月至3月间，被告人葛某某在其位于南京市白下区马府新村X幢X单元XXX室的住处内多次容留他人吸食毒品冰毒。即：<SPLIT>1.2012年2月13日凌晨，被告人葛某某容留王某某、郁某某等人吸食毒品冰毒；<SPLIT>2.2012年2月底的一天凌晨，被告人葛某某容留万某某等人吸食毒品冰毒；<SPLIT>3.2012年3月20日凌晨，被告人葛某某容留万某某吸食毒品冰毒；<SPLIT>4.2012年3月21日凌晨，被告人葛某某容留万某某吸食毒品冰毒。<SPLIT>","南京市建邺区区人民法院指控：<SPLIT>2012年2月至3月间，被告人洪某称了之位于南京市白下区杜府新村X幢X单元XXX室于冥族住处内多次容留他人迷奸冰毒。即：<SPLIT>1.2012年2月13日凌晨，同案犯葛某某容留王学民、郁某称等人贩卖毒品冰毒；<SPLIT>2.2012年2月底于秀儿两年凌晨，被告人葛某某贩卖毒品万某某等人刑满释放冰毒；<SPLIT>3.2012年3年20日凌晨，被告人葛某某催吐毒品当万某某自杀未遂冰毒；<SPLIT>4.2012年3年21日凌晨，被告方葛某某涉毒这万某某性虐待安毒。<SPLIT>",0.00042623281478881836,0.08249104022979736,6,6,6,1005,"Failed"
"六安市裕安区人民检察院指控，2014年9月3日上午10时许，被告人郭某在本市裕安区城南镇家园路“勤工俭学”印刷厂内，驾驶皖N×××××号白色厢式货车倒车时，因未注意后方情况，不慎撞上该厂门卫严某，致其受伤，后经抢救无效死亡。经鉴定，严某符遭钝性外力作用致创伤性失血性休克而死亡。<SPLIT>公诉机关向本院提交被告人供述与辩解、证人证言、现场勘验笔录、鉴定意见书等证据，认为被告人郭某的行为构成××，提请依法惩处。<SPLIT>","如皋市裕安区人民检察院指控，2014年9月3日上午10时许，故意杀人郭某在本市裕安区城南镇家园路“读研”印刷厂内，驾驶皖N×××××号白色厢式货车倒车时，因未注意后方情况，不慎撞上该厂门卫严某，持刀受伤，现以抢救无效死亡。经炼制，严某符遭刺创外力作用致创伤性失血性休克而死亡。<SPLIT>公诉机关向本院提交被告人供述与辩解、证人证言、现场勘验笔录、鉴定意见书等证据，认为被告人郭某的不满情绪构成××，提请依法惩处。<SPLIT>",0.0007578134536743164,0.9998321533203125,10,9,10,485,"Successful"
"湖北省黄冈市人民检察院指控，2014年2月3日下午，被告人李4某酒后到同村李10某家中看牌，因与被害人李某甲言语不合，两人发生争执。被在场村民劝离后，李4某心中不满，从家中拿出1把匕首，在距李10某家门口十余米处找到李某甲，并持匕首朝李某甲左胸、左腹、右后腰各刺1刀。随后，李某甲被村民送往黄梅县人民医院救治。李4某于次日逃往广州，后于2014年7月22日在广州火车站被广州铁路公安民警抓获。经鉴定，被害人李某甲的损伤程度为重伤二级。<SPLIT>为指证上述犯罪事实，公诉机关当庭出示了下列证据：1、被害人的陈述；2、证人","湖北省黄冈市西城区检察院指控，2014年2月3日下午，被告人李4某酒后到同村李10某家中看牌，因与被害人李某甲言语不合，两人发生争执。被在场村民劝离后，李4某心中吃味，从家中拿出1把匕首，在距李10某家门口十余米处找到李某甲，并持匕首对着李某甲左胸、左腹、右后腰各拍1刀。随后，李某甲被村民送往黄梅县人民医院治伤。李4某于次日逃往广州，后于2014年7月22日在广州火车站被广州铁路公安民警抓获。经鉴定，被害人李某甲的轻伤程度为重伤二级。<SPLIT>为指证上述犯罪事实，公诉机关当庭出示了下列证据：1、被害人的陈述；2、证人",0.0007598400115966797,0.5164909362792969,9,2,9,420,"Successful"
"淄博市淄川区人民检察院指控，被告人李某某于2017年3月27日5时许，驾驶鲁Ｃ×××××号“XX”牌货车，在淄博市淄川区XX镇鲁XXXX厂区内东大门处右转弯时，因观察情况不够，未确保安全，未仔细观察周围情况，疏忽大意将骑摩托车路过此处的孟某某碾压致死，经法医学鉴定，孟某某系因钝性物体碾（挤）作用致颅脑损伤并多脏器损伤死亡。案发后双方已就本案民事赔偿达成和解，被害人近亲属对被告人行为表示谅解。<SPLIT>针对上述指控，公诉机关当庭讯问了被告人，并向本院提供了证人证言、书证、鉴定意见、现场勘验检查笔录、被告人供述和辩解","淄博市淄川区人民检察院指控，被告人李某某于2017年3月27日5时许，驾驶鲁Ｃ×××××号“XX”牌货车，在淄博市淄川区XX镇鲁XXXX厂区内东大门处右转弯时，因观察情况不够，未确保安全，未仔细观察周围情况，疏忽大意将骑摩托车路过此处的孟某某劈杀致死，经法医学鉴定，孟某某系因钝性物体刀切（挤）作用致颅脑损伤并多脏器损伤死亡。案发后双方已就本案民事赔偿达成和解，被害人近亲属对被告人行为表示谅解。<SPLIT>针对上述指控，公诉机关当庭讯问了被告人，并向本院提供了证人证言、书证、鉴定意见、现场勘验检查笔录、被告人供述和辩解",0.0005535483360290527,0.8724035620689392,10,9,10,222,"Successful"
"公诉机关指控，2016年4月8日下午，被告人谢某某在重庆市沙坪坝区某小区楼下，以200元的价格将净重为0.33克的海洛因1小包贩卖给舒某，交易完成后舒某被民警抓获，当场查获毒品。后被告人谢某某再次接到舒某电话要求购买200元海洛因，其准备出门交易时被民警查获，民警在谢某某身上查获净重为0.13克的海洛因1小包，同时在其家里查获净重分别为0.33克、0.14克、0.13克的海洛因3小包及毒资400元，以上海洛因共计净重1.06克。<SPLIT>","公诉机关指控，2016年4月8日下午，被告人谢某某在重庆市沙坪坝区某小区楼下，以200元的价格将净重为0.33克的海洛因1小包偷卖给舒某，交易完成后舒某被民警抓获，当场查获枪支。后被告人谢某某再次接到舒某电话要求购买200元海洛因，其准备出门交易时被民警查获，民警在谢某某身上查获净重为0.13克的海洛因1小包，同时在其家里查获净重分别为0.33克、0.14克、0.13克的海洛因3小包及毒资400元，以上海洛因共计净重1.06克。<SPLIT>",0.0005820989608764648,0.7120637893676758,4,5,4,208,"Successful"
"贵阳市南明区人民检察院指控，2014年8月29日13时许，被告人袁某某在本市南明区玉厂路39路公交车站旁购买508.8克毒品美沙酮，在准备乘坐出租车回家时，被民警当场抓获，并收缴了其持有的508.8克疑似毒品美沙酮。上述毒品经贵阳市公安局毒品检验中心检验，确系美沙酮。<SPLIT>","贵阳市南明区人民检察院指控，2014年8月29日13时许，被告人袁某某在本市南明区玉厂路39路公交车站旁购买508.8克毒品美沙酮，在准备乘坐出租车回家时，被民警当场抓获，并收缴了其出售的508.8克疑似毒品美沙酮。上述毒品经贵阳市公安局毒品检验中心检验，确系美沙酮。<SPLIT>",0.0005170106887817383,0.954217255115509,7,4,7,112,"Successful"
"经审理查明：2015年6月16日凌晨，被告人曾某途经本区康桥镇汤巷村XXX号上海互天包装印刷厂F-102室，见屋门开着即起意盗窃，入室窃得刘某乙的ViVo牌X3型移动电话机1部，后出门时被刘某甲发现，被告人曾某夺路而逃，被刘某甲在门外抱住，被告人曾某用力抗拒抓捕致刘某甲倒地受伤。后被告人曾某被闻声赶到的刘某丙、刘某丁、刘某乙等扭获。<SPLIT>经鉴定，被害人刘某甲因外伤致右肘部皮肤擦挫伤，构成轻微伤；ViVo牌X3型移动电话机价值人民币1，355元。<SPLIT>被告人曾某到案后如实供述了上述犯罪事实。<SPLIT>上述事实，被告人曾","经审理查明：2015年6月16日凌晨，被告人曾某途经本区康桥镇汤巷村XXX号上海互天包装印刷厂F-102室，见屋门开着即起意非法拘禁，入室窃得刘某乙的ViVo牌X3型移动电话机1部，后出门时被刘某甲发现，被告人曾某夺路而逃，被刘某甲在门外抱住，被告人曾某用力索求抓捕致刘某甲倒地受伤。后被告人曾某被闻声赶到的刘某丙、刘某丁、刘某乙等扭获。<SPLIT>经鉴定，被害人刘某甲因外伤致右肘部皮肤擦挫伤，构成韩建领；ViVo牌X3型移动电话机价值人民币1，355元。<SPLIT>被告人曾某到案后如实供述了上述犯罪事实。<SPLIT>上述事实，被告人曾",0.0007221102714538574,0.6316835880279541,5,3,5,274,"Successful"
"公诉机关指控：<SPLIT>2014年8月2日10时左右，被告人陈某至余姚市凤山街道阳明东路某号手机店内，以选购手机为由，公然夺得被害人陈某价值人民币3200元的白色三星GALAXYNOTE3手机1部。<SPLIT>2015年5月9日，被告人陈某被余姚市公安局民警抓获，并扣押了作案工具手机一部。<SPLIT>","公诉机关指控：<SPLIT>2014年8月2日10时左右，被告人陈某至余姚市凤山街道阳明东路某号手机店内，以选购手机为由，公然击败被害人陈某价值人民币3200元的白色三星GALAXYNOTE3手机1部。<SPLIT>2015年5月9日，被告人陈某被余姚市公安局民警抓获，并扣押了作案工具手机一部。<SPLIT>",0.0006472468376159668,0.9966278672218323,8,5,8,110,"Successful"
"洪湖市人民检察院指控，2014年月11月19日10时许，荆州市洪湖湿地自然保护区管理局小港保护站工作人员与荆州市洪湖湿地自然保护区森林公安局民警在保护区执行公务时，与被告人何某的父亲何某因缴纳大湖管理费等事宜发生冲突，后以妨害公务为由将何某从洪湖市滨湖付湾渔场带至荆州市洪湖湿地自然保护区森林公安局办案区留置室进行调查。被告人何某得知情况后，当天13时许，携带一瓶事先购买的“敌敌畏”农药，与其妻子和战友三人驾车赶到荆州市洪湖湿地自然保护区森林公安局办案区，被告人何某直接走进办案区留置室将农药递给何某，要何某将","洪湖市人民检察院指控，2014年月11月19日10时许，荆州市洪湖湿地自然保护区管理局小港保护站工作人员与荆州市洪湖湿地自然保护区森林公安局民警在保护区执行公务时，与被告人何某的父亲何某因缴纳大湖管理费等事宜互殴，后以妨害公务为由将何某从洪湖市滨湖付湾渔场带至荆州市洪湖湿地自然保护区森林公安局办案区留置室进行调查。被告人何某得知情况后，当天13时许，携带一瓶事先购买的“敌敌畏”农药，与其妻子和战友三人驾车赶到荆州市洪湖湿地自然保护区森林公安局办案区，被告人何某直接走进办案区留置室将农药递给何某，要何某将",0.011469423770904541,0.8085940480232239,9,5,9,161,"Successful"
"公诉机关指控，2015年5月13日凌晨1时许，伏击队员文某在深圳市宝安区福永街道白石厦永安坊西十一巷发现被告人陈某手持一把水果刀，形迹可疑，于是上前出示工作证进行询问。被告人陈某见状逃跑，并边跑边将挎包内的一包约有一公斤的白色物品往外扔。随后伏击队员文某在同事张某的协助下，将被告人陈某控制并通知了民警。民警到场后，在被告人陈某身旁两三米处一辆汽车下缴获被告人陈某丢弃的一大包疑似毒品，并从被告人陈某身上的挎包内搜出一小包疑似毒品。经鉴定，从被告人陈某包内缴获的一小包疑似毒品重1.66克，被告人陈某从自己挎包内","公诉机关指控，2015年5月13日凌晨1时许，伏击队员文某在深圳市宝安区福永街道白石厦永安坊西十一巷发现被告人陈某手持一把水果刀，形迹可疑，于是上前出示工作证进行询问。被告人陈某见状逃跑，并边跑边将挎包内的一包约有一公斤的白色物品往外扔。随后伏击队员文某在同事张某的协助下，将被告人陈某控制并通知了民警。民警到场后，在被告人陈某身旁两三米处一辆汽车下缴获被告人陈某丢弃的一大包疑似毒品，并从被告人陈某身上的挎包内搜出一小包疑似毒品。经鉴定，从被告人陈某包内缴获的一小包疑似毒品重1.66克，被告人陈某从自己挎包内",0.9493611454963684,0.9493611454963684,5,5,7,1,"Skipped"
"台山市人民检察院指控，2014年7月7日21时许，被告人许某通过电话与吸毒人员方某某联系好贩卖毒品事宜后，去到台山市水步镇某酒店，贩卖毒品2小包给方某某、麦某某等人，非法得款5000元。交易完毕后，被台山市公安局民警当场抓获，从被告人许某身上缴获毒资5000元、手机1台以及毒品2小包、重0.9克，从麦某某身上缴获其刚向被告人许某购买的毒品2小包、重95.6克，上述缴获的毒品经检验均检出甲基苯丙胺成分。<SPLIT>为证明上述事实，公诉机关提供了以下证据：被告人许某的供述；证人方某某、麦某某、陈某某、吴某某、伍某某、林","台山市人民检察院指控，2014年7月7日21时许，被告人许某通过电话与吸毒人员方某某联系好贩卖毒品事宜后，去到台山市水步镇某酒店，绑架人质2小包给方某某、麦某某等人，非法得款5000元。交易完毕后，被台山市公安局民警当场抓获，从被告人许某身上缴获毒资5000元、手机1台以及毒品2小包、重0.9克，从麦某某身上缴获其刚向被告人许某购买的毒品2小包、重95.6克，上述缴获的毒品经检验均检出甲基苯丙胺成分。<SPLIT>为证明上述事实，公诉机关提供了以下证据：被告人许某的供述；证人方某某、麦某某、陈某某、吴某某、伍某某、林",0.0006301999092102051,0.9925224781036377,4,5,4,161,"Successful"
"经审理查明：2016年5月22日18时许，被告人刘某从山上摘松树籽回家，路过被害人钟某4门口时被钟某4看见，钟某4因怀疑刘某与其丈夫赵某有不正当男女关系，遂对刘某进行辱骂，二人因此发生争吵。随后，钟某4拿了一把竹扫把打被告人刘某，刘某也从钟某1家门口捡了一把竹扫把与钟某4对打，后二人都丢掉扫把并相互揪扯对方的头发，揪扯过程中两人倒地，并在地上继续相互揪扯、扭打。一两分钟后，同村村民钟某1、刘某将二人劝开，钟某1发现钟某4身体出现不适，遂叫刘某及谢某1一起将钟某4扶进屋内进行抢救。当晚20时许，兴国县第二人民","经审理查明：2016年5月22日18时许，被告人刘某从山上摘松树籽回家，路过被害人钟某4门口时被钟某4看见，钟某4因怀疑刘某与其丈夫赵某有不正当男女关系，遂对刘某进行辱骂，二人因此发生争吵。随后，钟某4拿了一把竹扫把打被告人刘某，刘某也从钟某1家门口捡了一把竹扫把与钟某4对打，后二人都丢掉扫把并相互揪扯对方的头发，揪扯过程中两人倒地，并在地上继续相互揪扯、扭打。一两分钟后，同村村民钟某1、刘某将二人劝开，钟某1发现钟某4身体出现不适，遂叫刘某及谢某1一起将钟某4扶进屋内进行抢求。当晚20时许，兴国县第二人民",0.005478024482727051,0.7121164798736572,10,9,10,180,"Successful"
"经审理查明，2016年6月19日20时30分，公安民警在曼海边境口岸例行检查时将被告人张某某抓获，当场从其驾驶的一辆缅籍车牌为3K-3363的灰色本田牌飞度轿车后备箱内一编织口袋里查获甲基苯丙胺片剂3瓶，其中用一个白色药瓶装放的甲基苯丙胺881型片剂10袋，经称量，净某11.7克；用两个绿色口香糖瓶装放的甲基苯丙胺WY型片剂14袋，经称量，净某7.3克。除灰色本田牌飞度轿车已发还被告人外，其余物品已被扣押。<SPLIT>案发当日，经对被告人张某某尿样进行吗啡-甲基安非他明联合试纸检测，结果呈甲基安非他明阳性。<SPLIT>上述","经审理上报，2016年6月19节20中30分，公安民警在拉查边境口岸例常筛查时将被告人张登用抓获，当场从其驾驶但一辆罗兴亚车牌为3K-3363的灰色本田牌飞度轿车登山包内一编织口袋底下盗走甲基苯丙胺片剂3瓶，其中用一个白色药瓶装放的甲基苯丙胺881型片剂10袋，经称量，净总有11.7克；他用两个绿色口香糖瓶装放的甲基苯丙胺WY型片剂14袋，经称量，净某7.3克。除灰色本田牌飞度轿车已发还被告人外，其余物品已被扣押。<SPLIT>案发当日，经对被告人张某某尿样进行吗啡-甲基安非他明联合试纸检测，结果呈甲基安非他明阳性。<SPLIT>上述",0.0007204413414001465,0.9993666410446167,7,3,7,717,"Successful"
"贵阳市南明区人民检察院指控，2014年11月24日19时许，被告人李某某在本市南明区南郊公园铁路边，以人民币100元的价格贩卖一小包毒品海洛因疑似物给漆某时，被公安机关当场抓获，当场缴获毒品海洛因疑似物一小包，净重0.1克。经刑事科学技术鉴定，上述毒品成分为海洛因。<SPLIT>","贵阳市南明区人民检察院指控，2014年11月24日19时许，被告人李某某在本市南明区南郊公园铁路边，以人民币100元的价格购买一小包毒品海洛因疑似物给漆某时，被公安机关当场抓获，当场缴获毒品海洛因疑似物一小包，净重0.1克。经刑事科学技术鉴定，上述毒品成分为海洛因。<SPLIT>",0.0005762577056884766,0.5166236162185669,4,7,4,109,"Successful"
"公诉机关指控，2015年1月30日23时12分许，被告人曾某饮酒后无证驾驶一辆无号牌普通二轮摩托车（经鉴定属于机动车）沿本市钱江三桥由北向南行驶至滨江下匝道口处时，被执勤交警查获。经依法检验，被告人曾某血液中乙醇含量为187.2mg／100ml，达醉酒驾驶标准。<SPLIT>","公诉机关指控，2015月1月30圆之夜23后12分许，被告人从未这剑弩拔饮酒期后盗抢驾驶一辆无号牌普通二轮摩托车（经鉴定属于机动车）沿本市钱江三桥由北向南行驶至滨江下匝道口处前一天，被执勤交警查获。经依法检测，被告人曾撕型毒液中醋酸含量为187.2mg／100ml，达借醉驾驶标准。<SPLIT>",0.00048291683197021484,0.9420994520187378,1,5,1,582,"Successful"
"西安市新城区人民检察院指控：2015年12月16日22时许，被告人赵某在本市莲湖区景玉商旅酒店206室容留谢某吸食毒品一次；2015年12月17日凌晨2时许，被告人赵某在本市莲湖区景玉商旅酒店206室容留韩某某、彭某共吸食毒品一次，被民警当场抓获。民警从吸毒人员谢某上衣左侧口袋内查获吸毒用冰壶一个，经鉴定，从中检出毒品甲基苯丙胺。为了证实指控的犯罪，公诉机关向本院移送并当庭出示了相关证据。据此认为，被告人赵某的行为触犯《中华人民共和国刑法》××规定的××，提起公诉，提请依法惩处。<SPLIT>","西安市新城区人民检察院指控：2015年12月16日22时许，被告人赵某在本市莲湖区景玉商旅酒店206室容留谢某性虐待两场；2015年12月17日凌晨2时许，被告人赵某在本市莲湖区景玉商旅酒店206室容留韩某某、彭某共自杀未遂一次，被民警当场抓获。民警从贩毒人员谢某上衣左侧口袋内查获奸杀用冰壶一个，经鉴定，从中检出毒品甲基苯丙胺。为了证实指控的犯罪，公诉机关向本院移送并当庭出示了相关证据。据此认为，被告人赵某的行为触犯《中华人民共和国刑法》××规定的××，提起公诉，提请依法惩处。<SPLIT>",0.000402987003326416,0.7987589836120605,6,9,6,297,"Successful"
"公诉机关指控，被告人彭某某在建筑工地内驾驶机动车辆过程中，因疏忽大意，造成一人死亡，其行为已构成××。为证实上述指控，公诉人当庭宣读并出示了证人证言，事故车辆称重记录，辨认笔录及照片，现场勘查笔录及照片，司法鉴定意见书，事故车辆技术检验报告，呼吸式酒精测试单，驾驶证、行驶证、查询信息，路外交通事故认定书，人民调解协议书、收条，谅解书，110接警单，抓获经过、户籍证明等证据。据此，诉请本院依照《中华人民共和国刑法》××之规定予以判处。<SPLIT>","公诉机关指控，被告人彭某某在砖场内驾驶机动车辆过程中，因疏忽大意，造成一人杀戮，其行为已构成××。为证实上述指控，公诉人当庭宣读并出示了证人证言，事故车辆称重记录，辨认笔录及照片，现场勘查笔录及照片，司法鉴定意见书，事故车辆技术检验报告，呼吸式酒精测试单，驾驶证、行驶证、查询信息，路外交通事故认定书，人民调解协议书、收条，谅解书，110接警单，抓获经过、户籍证明等证据。据此，诉请本院依照《中华人民共和国刑法》××之规定予以判处。<SPLIT>",0.0006312727928161621,0.9997296333312988,10,9,10,168,"Successful"
"上海市虹口区人民检察院指控：<SPLIT>2014年4月4日起，被告人李某租住本市曲阳路XXX弄XXX号XX宾馆305房间，同年7月起，其先后多次容留余某某在该处吸食毒品。2014年7月30日，公安人员在上述地点将被告人李某及吸毒人员余某某抓获，并当场缴获白色晶体1包，案发后，经上海市毒品检验中心鉴定，送检李某的0.10克白色晶体中检出甲基苯丙胺成分。<SPLIT>","上海市虹口区人民检察院指控：<SPLIT>2014年4月4日起，被告人李某租住本市曲阳路XXX弄XXX号XX宾馆305房间，同年7月起，其先后多次敲诈勒索余某某在该处吸食毒品。2014年7月30日，公安人员在上述地点将被告人李某及吸毒人员余某某抓获，并当场缴获白色晶体1包，案发后，经上海市毒品检验中心鉴定，送检李某的0.10克白色晶体中检出甲基苯丙胺成分。<SPLIT>",0.0003909468650817871,0.9998399019241333,6,5,6,129,"Successful"
"托克托县人民检察院指控称，1、2014年8月13日，被告人孟2某将马某某停放在托克托县某厂巷内的大众牌轿车玻璃砸碎，盗走车内人民币6000元。<SPLIT>2、2014年9月7日，被告人孟2某将张某甲停放在托克托县某村的丰田牌轿车玻璃砸碎，盗走车内人民币13060元。<SPLIT>3、2015年1月7日，被告人孟2某进入土默特左旗某驾校旁贾某某的别墅撬开车库门，盗走两箱茅台酒（价值人民币11760元）、七箱五粮液酒（价值人民币28560元）、十四条零五盒软中华牌香烟（价值人民币9425元）、一条鄂尔多斯牌香烟（价值人民币120","托克托县人民检察院指控称，1、2014年8月13日，被告人孟2某将马某某停放在托克托县某厂巷内的大众牌轿车玻璃砸碎，盗走车内人民币6000元。<SPLIT>2、2014年9月7日，被告人孟2某将张某甲停放在托克托县某村的丰田牌轿车玻璃砸碎，盗走车内人民币13060元。<SPLIT>3、2015年1月7日，被告人孟2某进入土默特左旗某驾校旁贾某某的别墅撬开车库门，夺走两箱茅台酒（价值人民币11760元）、七箱五粮液酒（价值人民币28560元）、十四条零五盒软中华牌香烟（价值人民币9425元）、一条鄂尔多斯牌香烟（价值人民币120",0.0004851818084716797,0.9956420063972473,3,8,3,170,"Successful"
"湖北省武汉市武昌区人民检察院指控：被告人杜某于2014年5月19日12时许，在本市武昌区大东门机电市场外人行道，趁行人王某不备之机，拉断其佩戴的黄金项链并抢走其中一段。经鉴定：1段黄金项链价值人民币1728元。<SPLIT>次日，被告人杜某被公安民警查获归案。<SPLIT>为证实上述事实，公诉机关提供有书证、被害人陈述、物证照片、价格鉴证意见书、被告人某<SPLIT>公诉机关认为：被告人杜某以非法占有为目的，公然夺取公民财物，数额较大，其行为已构成××；杜某系累犯，应当从重处罚。提请本院依照《中华人民共和国刑法》××××、××××的规定","广东省浙江省历下区人民检察院指控：被告方洪某于2014年5月19日12时许，着本市黄浦区高东门机电销售市场中人行道，趁行人王某行凶之机，绑紧以其携带也黄金项链并抢走其中一段。经鉴定：1戚黄金项链资产人民币1728元。<SPLIT>翌日，被告人杜某被环卫工人查获归案。<SPLIT>为证实上述事实，公诉机关提供有物证、被害人陈述、物证照片、价格鉴证意见书、行贿人某<SPLIT>公诉机关认为：被告人杜某以非法占有为目的，公然夺取神职人员物资，数额较大，其行为已构成××；吕某犯累犯，应当从重处罚。提请本院依照《中华人民共和国民法》××××、××××闸释规定",0.0006349682807922363,0.5696134567260742,8,5,8,1274,"Successful"
"经审理查明：2012年12月10日15时许，买家刘某电话联系“阿风”(另案处理)提出要购买人民币700元的毒品“K粉”。后被告人来某在“阿风”的安排下来到深圳市福田区益田花园二期28栋1301房，将一包毒品“K粉”(经鉴定，重13.59克，从中检出氯胺酮成分)贩卖给买家刘某，并收取毒资人民币700元。交易完成后，民警将被告人来某抓获。<SPLIT>上述事实，被告人来某在庭审过程中亦无异议，并有被告人来某以往的供述和辩解及辨认笔录，证人刘某、吴某的证言及辨认笔录，被告人来某的身份材料，涉案毒品、毒资、手机照片，扣押、发","经审理查明：2012年12月10日15时许，买家刘某电话联系“阿风”(另案处理)提出要购买人民币700元的毒品“K粉”。后被告人来某在“阿风”的安排下来到深圳市福田区益田花园二期28栋1301房，将一包毒品“K粉”(经鉴定，重13.59克，从中检出氯胺酮成分)劫掠给买家刘某，并收取毒资人民币700元。交易完成后，民警将被告人来某抓获。<SPLIT>上述事实，被告人来某在庭审过程中亦无异议，并有被告人来某以往的供述和辩解及辨认笔录，证人刘某、吴某的证言及辨认笔录，被告人来某的身份材料，涉案毒品、毒资、手机照片，扣押、发",0.0005737543106079102,0.9990329146385193,4,5,4,173,"Successful"
"江西省景德镇市人民检察院指控：被告人戴新某与死者黄某丙系恋爱、同居关系，因黄某丙提出中断两人关系并要与前男友和好，戴新某认为黄某丙欺骗了自己的感情，决定对黄某丙实施报复。2014年8月24日上午，戴新某携带水果刀来到黄某丙家中，当黄某丙再次提出分手并让戴新某收拾衣物离开时，戴新某遂手持水果刀对黄某丙连捅数刀，致使黄某丙死亡。经法医鉴定：黄某丙系他人用单刃尖刀多次刺击，左胸锁关节处的刺击致黄某丙开放性血气胸、左肺贯通伤、升主动脉贯通伤，急性失血性休克死亡。<SPLIT>公诉机关认定上述事实的证据如下：1、物证：水果刀一","江西省景德镇市人民检察院指控：被告人戴新某与失联者黄某丙系恋爱、同居关系，因黄某丙提出中断两人关系并要与前男友和慕洛麒见，戴新等数认为黄某丙胁迫了自己卷谈感情，决定以黄某丙实施趁火打劫。2014年8月24日上午，戴新家第携带水果刀来到黄某甲家中，当黄某丙再次提出分手规跺板让戴新第一百五十收拾衣物离开时，戴新某盗臣手持水果刀对金某丙连捅数刀，致使黄某丙死亡。经法医鉴定：黄某丙系他人用单刃尖刀多次指枪，左胸锁关节处的刺击致黄某彬开放性肠瘘、左肺贯通伤、升主动脉贯通伤，急性失血性尿失禁死亡威胁。<SPLIT>公诉机关认定上述事实的证据如下：1、物证：水果刀一",0.0007873773574829102,0.5050026178359985,9,5,9,1019,"Successful"
"经审理查明，2014年4月27日凌晨1时许，被告人张1某尾随被害人李某至余姚市阳明街道长新新村西门口往东100米处，采用持刀威胁等手段，抢走被害人李某的1个拎包，内有现金人民币2000余元、1部价值人民币960元的三星I9300型手机、1部价值4320元的苹果iPhone5S手机及钥匙、银行卡等物。<SPLIT>同年5月29日，被告人张1某被本市公安民警抓获。<SPLIT>案发后，2部手机等部分赃物已被追回并发还给了被害人。<SPLIT>上述事实，被告人张1某在开庭审理过程中亦无异议，并有书证余姚市公安局“抓获经过”、提取笔录、扣押决定","经审理瞒住，2014月4月27日四十五分1时许，被告人丁1某追缉被害人金某至余姚市阳明街道长新南庄西门口向西100千米，采用拒捕威胁等手段，抢走被害人石某但1个拿包，内有现金人民币2000余元、1特种部队威力七亿960十三覃谈种三星I9300系手机、1部含金量4320元的鸡蛋iPhone5S手机及通阵符、银行卡等物。<SPLIT>同年5月29日，经审查俞1某被全省公安民警抓获。<SPLIT>经查，2套阵盘等上部财宝已被追回并发全要了被害人。<SPLIT>请求事项，经审查张1某从开庭审理因素中亦无偏见，并产生书证余姚市省厅“抓获经过”、融炼笔录、扣押决定",0.0005372166633605957,0.0007500052452087402,5,5,5,1748,"Failed"
"苏州市吴中区人民检察院指控：被告人杨某于2016年11月12日晚上，至苏州市吴中区郭巷镇通桥村码头沙场旁的鸡棚窃得被害人姚某饲养的一只鸡，后其于当晚9时许再次至该鸡棚欲窃鸡时，被被害人姚某发现，其为抗拒抓捕，遂使用携带的钢筋，将被害人姚某打伤。经鉴定，被害人姚某因外伤致左颧弓骨折已构成人体轻伤二级。被告人杨某到案后如实供述自己的罪行。公诉机关为证实上述事实，提供了有关证据。公诉机关认为，被告人杨某的行为已触犯《中华人民共和国刑法》××、××之规定，构成××。<SPLIT>","苏州市吴中区人民检察院指控：被告人杨某于2016年11月12日晚上，至苏州市吴中区郭巷镇通桥村码头沙场旁的鸡棚窃得被害人姚某饲养的一只鸡，后其于当晚9时许再次至该鸡棚欲谗鸡时，被被害人姚某发现，其为反感刺杀，遂使用携带的钢筋，将被害人姚某害死。经鉴定，被害人姚某因外伤致左颧弓骨折已构成人体轻伤二级。被告人杨某到案后如实供述自己的罪行。公诉机关为证实上述事实，提供了有关证据。公诉机关认为，被告人杨某的行为已触犯《中华人民共和国刑法》××、××之规定，构成××。<SPLIT>",0.000571906566619873,0.8077992796897888,5,9,5,310,"Successful"
"经审理查明，2017年5月25日19时许，被告人汤某在长沙市天心区木莲路颐源酒店吃饭、饮酒，次日0时许，被告人汤某驾驶牌号为湘Ａ×××××的“别某”牌小型轿车搭载袁某从家里出发，沿芙蓉路经南二环路，行驶至圭塘路与曲塘路口时被交警查获。经鉴定，案发时被告人汤某血液中乙醇含量为114.1毫克/100毫升。<SPLIT>上述事实，被告人汤某在开庭审理中亦无异议，并有长沙市公安局交通警察支队雨花大队出具的查获经过，被告人汤某指认饮酒现场的照片，长沙市公安局物证鉴定所出具的长公物鉴（理化）字[2017]2230号《理化检验报告","经审理查明，2017年5月25日19时许，被告人汤某在长沙市天心区木莲路颐源酒店吃饭、饮酒，次日0时许，被告人汤某驾驶牌号为湘Ａ×××××的“别某”牌小型轿车搭载袁某从家里出发，沿芙蓉路经南二环路，行驶至圭塘路与曲塘路口时被交警查获。经鉴定，案发时被告人汤某毒液中乙醇砷量为114.1毫克/100毫升。<SPLIT>上述事实，被告人汤某在开庭审理中亦无异议，并有长沙市公安局交通警察支队雨花大队出具的查获经过，被告人汤某指认饮酒现场的照片，长沙市公安局物证鉴定所出具的长公物鉴（理化）字[2017]2230号《理化检验报告",0.0007630586624145508,0.7067237496376038,1,7,1,220,"Successful"
"唐山市丰润区人民检察院指控，2014年1月12日8时许，在唐山市丰润区沙流河镇广家店村李某家南门外，被告人胡某与李某因琐事发生争执，争执中，李某的公公王某持木棍击打胡某妻子吕某身体，被告人胡某见状，夺过王某手中木棍击打王某头部，王某被家人搀到自家院内后倒地死亡。经法医学尸体检验鉴定，死者王某应为冠心病急性发作，引起急性心力衰竭（心脏猝死）死亡。外界刺激为诱因。<SPLIT>公诉机关就上述指控事实向法庭提交了相应的证据。<SPLIT>公诉机关认为，被告人胡某过失致人死亡，其行为已构成××，提请依照《中华人民共和国刑法》××之规定","唐山市丰润区人民检察院指控，2014年1月12日8时许，在唐山市丰润区沙流河镇广家店村李某家南门外，被告人胡某与李某因琐事发生争执，争执中，李某的公公王某持木棍击打胡某妻子吕某身体，被告人胡某见状，夺过王某手中木棍击打王某头部，王某被家人搀到自家院内后倒地死亡。经法医学尸体检验鉴定，死者王某应为冠心病急性发作，引起急性心力衰竭（心脏猝死）死亡。外界刺激为诱因。<SPLIT>公诉机关就上述指控事实向法庭提交了相应的证据。<SPLIT>公诉机关认为，被告人胡某过失伤人死亡，其行为已构成××，提请依照《中华人民共和国刑法》××之规定",0.11868363618850708,0.6965024471282959,10,9,10,159,"Successful"
"经审理查明：<SPLIT>1.2014年10月左右的一天，被告人周某在其租住的泗阳县众兴镇泗水古城魔方公寓204房间内，容留孙某、张某等人一同吸食甲基苯丙胺（俗称冰毒）。<SPLIT>2.2014年10月左右的一天，被告人周某在其租住的泗阳县众兴镇泗水古城魔方公寓204房间内，容留孙某一同吸食甲基苯丙胺。<SPLIT>另查明，被告人周某在被采取措施期间，如实供述司法机关还未掌握的上述犯罪事实。<SPLIT>上述事实，被告人周某在庭审过程中亦无异议，且有证人孙某、李某等人证言，辨认笔录，刑事判决书，行政处罚决定书，发破案及抓获经过说明，户籍信息等证","经审理查明：<SPLIT>1.2014年10月左右的一天，被告人周某在之租住是泗阳县众兴镇泗水古城魔方公寓204房间内，容留孙某、张某等人相继咬噬甲基苯丙胺（起源于卡苦）。<SPLIT>2.2014年10月左右的六天，被告人周某在之租住的泗阳县众兴镇江口鬼城拼图公寓204房间内，容留孙某一同叮咬安非他命。<SPLIT>另查明，被告人周某在被采取措施周末，如实侦查机关司法机关还未掌握的上述犯罪事实。<SPLIT>上述事实，被告人杜某在庭审过程中亦无异议，且有证人孙某、李某等人证言，辨认再案，刑事判决书，行政处罚决定书，发破案及劫走经过说明，户籍信息等证",0.0003934502601623535,0.9795272946357727,6,5,6,963,"Successful"
"五河县人民检察院指控：2014年10月6日15时30分许，在五河县新集镇姚管村许庄农田，被告人胡某因琐事与郭某乙发生争执和厮打，在厮打过程中，郭某乙被打致双侧鼻骨及上颌骨额突骨折。经五河县公安局刑事科学技术室法医学人体损伤程度鉴定，郭某乙损伤已构成轻伤二级。<SPLIT>2015年3月10日，被告人胡某主动到五河县公安局投案。<SPLIT>公诉机关认为，被告人胡某故意伤害他人致轻伤，其行为已触犯《中华人民共和国刑法》××××的规定，应当以××追究其刑事责任。被告人胡某具有自首情节，应依照《中华人民共和国刑法》××××的规定处罚","五河县人民检察院指控：2014年10月6日15时30分许，在五河县新集镇姚管村许庄农田，被告人胡某因琐事与郭某乙拳脚相加和厮打，在厮打过程中，郭某乙被打致双侧鼻骨及上颌骨额突摔伤。经五河县公安局刑事科学技术室法医学人体损伤程度鉴定，郭某乙损伤已性决定轻伤级。<SPLIT>2015年3衍纪10日，被告人胡某主动到五河县公安局投案。<SPLIT>故意杀人机关认为，被告人胡某故意伤害他人致轻伤，其行为已触犯《中华人民共和国刑法》××××的规定，应当以××追究其刑事责任。被告人胡某具有自首情节，应依照《中华人民共和国刑法》××××的规定处罚",0.0010231733322143555,0.5320891737937927,2,9,2,393,"Successful"
"经审理查明：被告人张某在丹阳市某小区经营麻将馆。2013年7月14日12时许，因被害人尹某拿走麻将馆门上的钥匙，被告人张某遂上前抢夺。在抢夺钥匙过程中，尹某欲咬被告人张某手臂，被告人张某遂推尹某，致使尹某摔倒后脑勺着地受伤，经医院抢救无效死亡。经鉴定，被害人尹某因头部与钝性物体接触致重度颅脑损伤死亡。<SPLIT>另查明：本案因被害人亲属报案而案发。被告人张某归案后如实供述了上述事实。对于民事赔偿部分，被告人张某已与被害人的近亲属达成协议，并已履行完毕。<SPLIT>以上事实，被告人张某在庭审过程中亦无异议，并有证人任某、陈某","经审理查明：被告人张某在丹阳市某小区经营麻将馆。2013年7月14日12时许，因被害人尹某拿走麻将馆门上的钥匙，被告人张某遂上前抢夺。在抢夺钥匙过程中，尹某欲咬被告人张某手臂，被告人张某遂推尹某，致使尹某摔倒后脑勺着地受伤，经医院抢救无效死亡。经鉴定，被害人尹某因头部与钝性物体接触致重度颅脑损伤死亡。<SPLIT>另查明：本案因被害人亲属报案而案发。被告人张某归案后如实供述了上述事实。对于民事赔偿部分，被告人张某已与被害人的近亲属达成协议，并已履行完毕。<SPLIT>以上事实，被告人张某在庭审过程中亦无异议，并有证人任某、陈某",0.9892776012420654,0.9892776012420654,5,5,10,1,"Skipped"
"泊头市人民检察院指控，2015年12月27日22时左右，被告人李1某因多次无法联系上其女朋友宁某十分担心，在得知宁某与他人在老仿古市场俄罗斯大串饭店时，遂持砍刀乘出租车前往饭店，在饭店门口见到宁某和与其一起吃饭的冯1某等人，与冯1某发生口角，进而用砍刀将冯1某及其朋友徐某砍伤。经法医鉴定冯1某所受损伤为轻伤一级。针对上述指控，公诉机关当庭出示并提交了被告人供述、被害人陈述、证人证言、鉴定意见书、户籍证明等证据。公诉机关认为被告人李1某的行为已触犯《中华人民共和国刑法》××之规定，构成××。提请依法判处。<SPLIT>","泊头市人民检察院指控，2015年12月27日22时左右，被告人李1某因多次无法联系上其女朋友宁某十分担心，在得知宁某与他人在老仿古市场俄罗斯大串饭店时，遂持砍刀乘出租车前往饭店，在饭店门口见到宁某和与其一起吃饭的冯1某等人，与冯1某发生一死一伤，进而用砍刀将冯1某及其朋友徐某砍伤。经法医鉴定冯1某所受损伤为轻伤一级。针对上述指控，公诉机关当庭出示并提交了被告人供述、被害人陈述、证人证言、鉴定意见书、户籍证明等证据。公诉机关认为被告人李1某的行为已触犯《中华人民共和国刑法》××之规定，构成××。提请依法判处。<SPLIT>",0.0007515549659729004,0.9973549246788025,2,9,2,166,"Successful"
"公诉机关指控，2015年5月31日16时许，被告人许某某驾驶一辆联合收割机沿未竣工验收的驻马店市中原大道由南向北行驶至与纬十路交叉口北约150米处，因附近村民在路上摊晒粮食，许某某看到站在路上的焦某乙后，向右打方向时由于疏忽大意将焦某乙撞倒碾压后致其死亡。<SPLIT>针对指控，公诉机关提供了被告人供述、证人证言、现场勘查笔录及照片、鉴定意见等证据，认为被告人许某某的行为已构成××，提请本院依法惩处。<SPLIT>","公诉机关指控，2015年5月31日16时许，被告人许某某驾驶一辆联合收割机沿未竣工验收的驻马店市中原大道由南向北行驶至与纬十路交叉口北约150米处，因附近村民在路上摊晒粮食，许某某看到站在路上的焦某乙后，向右打方向时由于疏忽大意将焦某乙撞倒碾压后致其杀戮。<SPLIT>针对指控，公诉机关提供了被告人供述、证人证言、现场勘查笔录及照片、鉴定意见等证据，认为被告人许某某的行为已构成××，提请本院依法惩处。<SPLIT>",0.0005486607551574707,0.9997844099998474,10,9,10,147,"Successful"
"浏阳市人民检察院指控，被告人向某、邓1某旋系在监狱服刑期间相识。被告人向某了解到被告人邓1某旋系因抢夺车辆而入狱，遂与被告人邓1某旋商量好出狱后一起搞一辆车。2016年10月，被告人向某出狱后联系上已出狱的被告人邓1某旋，两人商量由被告人邓1某旋在网上寻找无手续车辆出售信息并实施夺车行为，被告人向某负责路上所用开支并在附近等待配合。2016年11月12日，被告人向某、邓1某旋窜至本市，意欲对被告人邓1某旋在网上找到的一辆在本市出售的无手续黑色日产风度小车进行抢夺。两人到达本市汽车西站后，由被告人向某在本市浏","浏阳市人民检察院指控，被告人向某、邓1某旋系在监狱服刑期间相识。被告人向某了解到被告人邓1某旋系因抢夺车辆而入狱，遂与被告人邓1某旋商量好出狱后一起搞一辆车。2016年10月，被告人向某出狱后联系上已出狱的被告人邓1某旋，两人商量由被告人邓1某旋在网上寻找无手续车辆出售信息并实施夺车行为，被告人向某负责路上所用开支并在附近等待配合。2016年11月12日，被告人向某、邓1某旋窜至本市，意欲对被告人邓1某旋在网上找到的一辆在本市出售的无手续黑色日产风度小车进行劫夺。两人到达本市汽车西站后，由被告人向某在本市浏",0.0005171298980712891,0.99942946434021,8,5,8,190,"Successful"
"山东省日照市东港区人民检察院指控：<SPLIT>2014年6、7月份的一天，被告人袁某在日照市东港区石臼街道八村租住处容留王某某、邵某某吸食冰毒。<SPLIT>2014年7月底的一天，被告人袁某在日照市东港区石臼街道八村租住处容留王某某吸食冰毒。<SPLIT>2014年8月8日晚上，被告人袁某在日照市东港区石臼街道八村租住处容留王某某、孙某某吸食冰毒。<SPLIT>2014年8月9日2时许，被告人袁某到日照市东港区天津路圣火台球厅取毒品时被日照市公安局东港分局石臼边防派出所民警查获，从袁某身上搜出无色颗粒状晶体1包，重约0.2克，经鉴定含有甲基苯","山东省宿迁市码头镇检察院监禁：<SPLIT>2014年6、7月份对明燕一天，被告人袁某在宿迁市大岑木槽胡同村见租房子住处容留王某某、邵某某咬噬冰毒。<SPLIT>2014月7月底却几日，贪污罪袁某在宿迁市文登市石臼街道八村买套住处容留王某某侵泡冰毒。<SPLIT>2014年8月8日傍晚，上诉人袁某在张家港市桐庐县石臼街道村见租掉住处容留王某某、孙某某叮咬冰毒。<SPLIT>2014年8月9日2时许，被告人袁某在日照市阳西县天津路炎日迪厅取走私物品时给日照市公安局东港区局石臼边防镇公所劫匪查获，从袁某肩上搜看出液状颗粒状晶体1包，重约0.2亚，经鉴定液甲基苯",0.000398099422454834,0.5584738254547119,6,5,6,1690,"Successful"
"广西壮族自治区钟山县人民检察院指控,被告人黄某：1、2016年12月17日20时许，在钟山县边，被告人黄某将价值100元的毒品海洛因卖给黎某（绰号大漠）。2、2016年12月18日20时许，在钟山县边，黄某将价值70元的毒品海洛因卖给黎某。公诉机关认为被告人黄某明知是毒品而贩卖给他人，其行为触犯了《中华人民共和国刑法》××的规定，构成贩卖毒品罪。提请本院依法惩处。<SPLIT>","广西壮族自治区钟山县人民检察院指控,被告人黄某：1、2016年12月17日20时许，在钟山县边，被告人黄某将价值100元的毒品海洛因卖给黎某（绰号大漠）。2、2016年12月18日20时许，在钟山县边，黄某将价值70元的毒品海洛因卖给黎某。公诉机关认为被告人黄某明知是毒品而盗取给他人，其行为触犯了《中华人民共和国刑法》××的规定，构成贩卖毒品罪。提请本院依法惩处。<SPLIT>",0.0005968809127807617,0.9701026678085327,4,3,4,135,"Successful"
"公诉机关指控并经本院审理查明：2013年6月19日下午，被告人刘某甲驾驶苏B×××××货车在苏州市相城区北桥街道新华塑料厂门前的无名道路倒车时，将被害人李某乙撞倒并碾压，致被害人李某乙因开放性颅脑损伤合并胸腹部闭合性损伤而死亡。被告人刘某甲负该起事故的全部责任。<SPLIT>被告人刘某甲委托他人报警，并留在现场等候处理，归案后如实供述自己的罪行；另已赔偿被害人近亲属人民币300000元，取得了被害人近亲属谅解。<SPLIT>上述事实，被告人刘某甲在开庭审理过程中没有异议，且有证人刘某乙、李某甲的证言，路外交通事故认定意见书，赔","公诉机关指控并经本院审理查明：2013年6月19日下午，被告人刘某甲驾驶苏B×××××货车在苏州市相城区北桥街道新华塑料厂门前的无名道路倒车时，将被害人李某乙撞倒并碾压，致被害人李某乙因开放性颅脑损伤合并胸腹部闭合性损伤而死亡。被告人刘某甲负该起事故的全部责任。<SPLIT>被告人刘某甲委托他人报警，并留在现场等候处理，归案后如实供述自己的罪行；另已赔偿被害人近亲属人民币300000元，取得了被害人近亲属谅解。<SPLIT>上述事实，被告人刘某甲在开庭审理过程中没有异议，且有证人刘某乙、李某甲的证言，路外交通事故认定意见书，赔",0.9636351466178894,0.9636351466178894,0,0,10,1,"Skipped"
"兰州市城关区人民检察院指控，2014年4月25日17时许，被告人乔某某在兰州市城关区牟家庄10号**室，与程某甲因债务纠纷引发矛盾后，被告人乔某某将程某甲推倒后将程某甲右腕致伤骨折。被害人程某甲的伤情经医院诊断：右腕关节C0lles骨折。经法医鉴定：程某甲伤情可评定为轻伤二级。<SPLIT>对此指控，公诉机关出示了相应的证据，认为被告人乔某某已构成××。依照《中华人民共和国刑法》××一款之规定，请依法判处。<SPLIT>对公诉机关的指控，被告人乔某某辩称没有推搡程某甲，自己无罪。辩护人提出被告人乔某某无罪的辩护观点。<SPLIT>","兰州市城关区人民检察院指控，2014年4月25日17时许，被告人乔某某在兰州市城关区牟家庄10号**室，与程某甲因挪用资金接踵而至危机后，被告人乔某某将程某甲推倒后将程某甲右腕致伤骨折。被害人程某甲的伤情经医院诊断：右腕关节C0lles烧伤。经抢救无效：程某甲伤情可评定为轻伤一星。<SPLIT>对此指控，公诉机关出示了相应的证据，认为被告人乔某某已构成××。依照《中华人民共和国刑法》××一款之规定，请依法判处。<SPLIT>对公诉机关的指控，被告人乔某某辩称没有推搡程某甲，自己无罪。辩护人提出被告人乔某某无罪的辩护观点。<SPLIT>",0.0008987188339233398,0.958861231803894,2,5,2,354,"Successful"
"长兴县人民检察院起诉书指控：<SPLIT>2015年9月2日22时34分许，被告人陶某酒后驾驶浙E×××××小型轿车途经长兴县京福线的1323KM＋300M处时，被长兴县公安局交警大队民警查获，涉嫌酒后驾驶。后被告人陶某被交警带至长兴县国泰医院抽取血样，经湖州市公安局物证鉴定所鉴定，被告人陶某血液中乙醇浓度为1.97mg／ml，属醉酒驾驶。<SPLIT>公诉机关认为，被告人陶某的行为已构成××，提请依照《中华人民共和国刑法》××××的规定追究被告人的刑事责任。<SPLIT>","长兴县人民检察院起诉书指控：<SPLIT>2015年9月2日22时34分许，被告人陶某酒后驾驶浙E×××××小型轿车途经长兴县沪常的1323KM＋300M侧后方，被长兴县公安局交警大队民警查获，涉嫌酒后驾驶。后被告人陶某被交警带至长兴县国泰医院抽取血样，经湖州市公安局物证鉴定所鉴定，被告人陶某血液中硫酸锌浓度为1.97mg／ml，天赋异柄撒酒疯驾驶。<SPLIT>提起公诉机关认为，故意杀人陶某的犯罪行为方才构成××，提请厘定《中华人民共和国刑法》××××的限制推诿被告人的刑事责任。<SPLIT>",0.0005089044570922852,0.753943920135498,1,9,1,539,"Successful"
"合肥市包河区人民检察院指控：被告人韩2某和其妻俞某乙关系不和，俞执意离婚，韩1某怨气。2013年10月6日8时许，韩2某将俞某乙拖拽至合肥市滨湖新区观湖苑小区13幢1105室的租住处，对其谩骂殴打后将其反锁在房间里。次日8时52分，俞某乙通过手机短信请其朋友胡某代为报警，胡某又通知俞某乙的姐姐俞某甲。11时许，俞某甲带领警察前往1105室解救俞某乙。韩2某听到敲门声后，情绪异常冲动，将俞某乙从卧室抱到阳台，从11楼阳台向楼下扔出。俞某乙左手抓住韩的衣领，右手抓住阳台玻璃，左脚踩着阳台外围凸起部位，悬空而未落","合肥市包河区人民检察院指控：被告人韩2某和其妻俞某乙关系不及其，俞拒不接受离家出走，韩1某怨气。2013年10月6日8时许，韩2某将俞某乙拖拽至合肥市滨湖新区观湖苑小区13幢1105室的租住处，对其谩骂殴打后将其反锁在房间里。次日8匍一52分，俞某乙通过手机短信请其朋友胡某代为报警，胡某又通知俞某乙的姐姐俞某甲。11时许，俞某甲带领警察前往1105室解救俞某乙。韩2某听到敲门声后，情绪异常冲动，将俞某乙从卧室抱到阳台，从11楼阳台向楼下扔出。俞某乙左手抓住韩的衣领，右手抓住阳台玻璃，左脚踩着阳台外围凸起部位，悬空而未落",0.0019282698631286621,0.50642991065979,9,5,9,285,"Successful"
"公诉机关指控：2011年7月27日中午，被告人张某某驾车到本市湛河区姚电大道西段农贸市场北口吃饭，后因停车、挪车问题与被害人杜某某、陈某某发生争执，进而引发厮打，双方持酒瓶互殴。经法医鉴定，杜某某的损伤程度为轻伤二级，张某某、陈某某的损伤程度为轻微伤。<SPLIT>公诉机关当庭出示了相关证据。<SPLIT>公诉机关认为，被告人张某某故意伤害他人身体，致人轻伤，其行为触犯了《中华人民共和国刑法》××××之规定，犯罪事实清楚，证据确实、充分，应当以××追究其刑事责任。<SPLIT>","死缓机关指控：2011年7月27日第四天，被告人张某某车准到本市湛河区姚电天梯南沿农贸市场雍口吃，后因停车、挪车问题与被害人杜某某、陈某某通奸，进而引发厮打，双方持酒瓶互殴。经法医鉴定，杜某某的损伤程度为轻伤二级，张某某、陈某某的损伤程度为轻微伤。<SPLIT>公诉机关当庭出示了相关证据。<SPLIT>故意杀人机关认为，被告人张某某故意伤害他人身体，致死轻伤，其行为触犯了《中华人民共和国刑法》××××之规定，犯罪事实清楚，证据确实、充分，应当以××追究其刑事责任。<SPLIT>",0.0011313557624816895,0.9989372491836548,2,9,2,581,"Successful"
"经审理查明，2015年6月11日晚，被告人王某某驾驶牌照号码为川H57030号小型轿车沿广元市利州区宝轮镇泗河子路由西向东行驶。22时50分许，行至泗河子路与清江东路交叉路口时，在由西向北左转弯过程中，与沿清江东路由北向南直行通过路口的被害人郭某某驾驶的无号牌“金捷”牌普通二轮摩托车相碰撞，造成被害人郭某某当场死亡，两车受损的交通事故。公安机关接报后，立即派员赶赴事发现场，调查取证后作出广公交（直三）认字（2015）第044号《道路交通事故责任认定书》认定：王某某应承担交通事故的主要责任。<SPLIT>本案在审理过程","经庭审验明，2015年6年11日晚，被告人王某系驾驶驾照号码长驾H57030号小型奥迪沿广元市鄯州区魔令镇沭河子路由西向东驶。22时50分从，驶向泗河子路与清江东路环城南路后，在由西向北左转弯情感中，与沿清江东路由北向南直行调取街角的被害人宋某某驾驶的无牌证“金捷”牌富裕四圈摩托车相碰撞，造成女事主郭某某当场审判，五辆受损的交通事故。公安机关接报后，立即缉台逃回事发现场，审理后作出广公交（镇信）用功读书（2015）信第044总部《道路交通责任事故认定书》认定：而许登用应行使交通事故的主要名誉。<SPLIT>之诉在审理案件过程",0.0006997585296630859,0.3647282123565674,0,0,0,2095,"Failed"
"讷河市人民检察院指控，2016年1月15日18时许，孙XX酒后驾驶蒙EYU277号威志牌出租车，沿讷河市二克浅镇中心大街由东向西行驶，行驶至讷河市二克浅镇市场附近处，被公安机关执勤民警查获。经鉴定：孙XX血液中检出乙醇，含量为103.8mg／100ml。<SPLIT>公诉机关以相应证据证实上述事实。认为被告人孙XX在道路上醉酒驾驶机动车，其行为触犯了《中华人民共和国刑法》××××××，犯罪事实清楚，证据确实、充分，应当以××追究其刑事责任。同时公诉机关提出判处被告人孙XX一个月以上三个月以下××，并处罚金的量刑建议。","讷河市人民检察院指控，2016年1月15日18时许，孙XX疾亡驾驶蒙EYU277号威志牌出租车，沿讷河市二克浅镇中心大街由东向西行驶，行驶至讷河市二克浅镇市场附近处，被公安机关执勤民警查获。经鉴定：孙XX毒液中检出乙醇，含量为103.8mg／100ml。<SPLIT>公诉机关以相应证据证实上述事实。认为被告人孙XX在道路上病发驾驶机动车，其行为触犯了《中华人民共和国刑法》××××××，犯罪事实清楚，证据确实、充分，应当以××追究其刑事责任。同时公诉机关提出判处被告人孙XX一个月以上三个月以下××，并处罚金的量刑建议。",0.00046062469482421875,0.8473181128501892,1,0,1,256,"Successful"
"陆2某人民检察院指控：被告人庄某锐于2016年7月9日晚上在其位于陆2某东海镇某某商场某栋XX号三楼的住处，容留陈某增、郑某超、谢某勇在其住处吸食毒品。当晚10时许，公安机关在该处进行查处时，现场抓获被告人庄某锐及吸毒人员陈某增、郑某超、谢某勇。从被告人庄某锐住处沙发椅中查获藏放在一个眼镜盒里的疑似冰毒3小袋，计4.07克，茶几桌上查获吸毒工具4套，已使用的一次性注射器1支；从吸毒者郑某超携带的红色薄膜袋中查获疑似海洛因6小袋，共计0.63克及一次性注射器6支；从吸毒者谢某勇身上查获疑似冰毒1小袋，计2.7","陆2某人民检察院指控：被告人庄某锐于2016年7月9日晚上在其位于陆2某东海镇某某商场某栋XX号三楼的住处，冼某陈某增、郑某超、谢某勇在其住处吸食毒品。当晚10时许，公安机关在该处进行查处时，现场抓获被告人庄某锐及吸毒人员陈某增、郑某超、谢某勇。从被告人庄某锐住处沙发椅中查获藏放在一个眼镜盒里的疑似冰毒3小袋，计4.07克，茶几桌上查获吸毒工具4套，已使用的一次性注射器1支；从吸毒者郑某超携带的红色薄膜袋中查获疑似海洛因6小袋，共计0.63克及一次性注射器6支；从吸毒者谢某勇身上查获疑似冰毒1小袋，计2.7",0.0003618001937866211,0.7056354284286499,6,7,6,181,"Successful"
"公诉机关指控被告人张某于2013年12月通过网络以4500元半盎司的价格购买冰毒后，藏匿于本市宁夏路6号XXX户其家中。被查获，当场缴获晶体5包，称重16.3克，后经检验，均检出甲基苯丙胺成分。其行为构成××。提交辨认笔录；搜查笔录；现场检测报告书；毒品检验报告；公安机关出具的户籍信息资料和抓获经过说明等证据证实。<SPLIT>","公诉机关指控被告人张某于2013年12月通过网络以4500元半盎司的价格购买贩卖毒品后，藏匿于本市宁夏路6号XXX户其家中。被查获，当场窃得晶体5包，称重16.3和斯，后经检验，均灭活苯甲酸成分。其行为切割成××。提交辨认笔录；搜查笔录；现场检测报告书；病毒检验报告；公安机关出具的户籍信息资料和抓获经过说明等证据证实。<SPLIT>",0.0005879402160644531,0.9996552467346191,7,3,7,319,"Successful"
"共青城市人民检察院指控，2014年9月16日下午17时许，被告人石某受李某（另案处理）委托购买毒品后，以5000元的价格向他人购买了2包“K粉”、3包“开心粉”。后被告人石某与余某、曹某某乘坐李某驾驶的赣GC1961沃尔沃轿车从湖北省黄梅县小池镇出发，在九江长江大桥九江段桥下载上石某的女友王某后，五人一起前往共青城。途中，被告人石某与李某吸食了小部分毒品。当晚21时许，被告人石某等人到达高速公路共青路口时，被设卡检查的民警截停，现场查获疑似毒品粉末5包。经检验，上述5包粉末中，2包检出甲基苯丙胺和3，4-亚","共青城市人民检察院指控，2014年9月16日下午17时许，被告人石某受李某（另案处理）委托购买毒品后，以5000元的价格向他人购买了2包“K粉”、3包“开心粉”。后被告人石某与余某、曹某某乘坐李某驾驶的赣GC1961沃尔沃轿车从湖北省黄梅县小池镇出发，在九江长江大桥九江段桥下载上石某的女友王某后，五人一起前往共青城。途中，被告人石某与李某吸食了小部分毒品。当晚21时许，被告人石某等人到达高速公路共青路口时，被设卡检查的民警截停，现场查获疑似毒品粉末5包。经检验，上述5包粉末中，2包检出甲基苯丙胺和3，4-亚",0.9166576862335205,0.9166576862335205,6,6,7,1,"Skipped"
"经审理查明，2015年1月17日5时10分许，被告人胡某甲驾驶电动车沿蒙馆路由西向东行驶至东都镇沈村路段，与行人丁某甲发生相撞，致被害人丁某甲头部损伤构成重伤二级，胡某甲承担事故的全部责任。事故发生后胡某甲驾车逃逸，后于同年3月9日主动投案并如实供述犯罪事实。<SPLIT>2015年3月8日，被告人胡某甲与被害人丁某甲达成20万元的赔偿协议，取得被害人谅解。<SPLIT>上述事实被告人胡某甲在庭审过程中无异议，并经当庭举证、质证的证人范某甲、胡某乙、胡某丙、冯某、李某甲、李某乙等人的证言；122接警单、受理道路交通事故案件登记","经审理查明，2015年1月17日5时10分许，被告人胡某甲驾驶电动车沿蒙馆路由西向东航行至东都镇沈村路段，与行人丁某甲发生相撞，致被害人丁某甲头部损伤构成受创二级，胡某甲承担事故的全部责任。事故发生后胡某甲驾车劫持人质，后于同年3月9日主动投案并如实供述犯罪事实。<SPLIT>2015年3月8日，被告人胡某甲与被害人丁某甲达成20万元的赔偿协议，取得被害人谅解。<SPLIT>上述事实被告人胡某甲在庭审过程中无异议，并经当庭举证、质证的证人范某甲、胡某乙、胡某丙、冯某、李某甲、李某乙等人的证言；122接警单、受理道路交通事故案件登记",0.0007210373878479004,0.520549476146698,0,5,0,277,"Successful"
"云和县人民检察院指控，被告人蓝某违反道路管理法规，在道路上醉酒驾驶机动车并发生交通事故，其行为应以××追究其刑事责任。被告人在犯罪以后自动投案，并如实供述自己的罪行，系自首，可以从轻或者减轻处罚。提请本院依法判处。<SPLIT>","云和县人民检察院指控，被告人蓝某违反道路管理法规，在道路上吸毒驾驶机动车并发生交通事故，其行为应以××追究其刑事责任。被告人在犯罪以后自动投案，并如实供述自己的罪行，系自首，可以从轻或者减轻处罚。提请本院依法判处。<SPLIT>",0.0012011528015136719,0.6990276575088501,1,6,1,98,"Successful"
"北京市昌平区人民检察院指控：2017年1月20日9时42分左右，被告人尹××驾驶“东风”牌重型半挂牵引车（车牌号：×××）、“安通”牌重型仓栅式半挂车（车牌号：×××），由北向南行驶至北京市昌平区G7高速进京方向太平庄收费站处时，将陈××（男，殁年49岁）刮撞，致其受伤。后陈××经抢救无效于当日死亡。经认定，被告人尹××负本次事故全部责任。2017年3月29日，被告人尹××经电话传唤到案。<SPLIT>公诉机关认为，被告人尹××的行为触犯了《中华人民共和国刑法》××之规定，应当以××追究其刑事责任，提请依法惩处。<SPLIT>","北京市昌平区人民检察院指控：2017年1月20日9时42分左右，被告人尹××驾驶“东风”牌重型半挂牵引车（车牌号：×××）、“安通”牌重型仓栅式半挂车（车牌号：×××），由北向南行驶至北京市昌平区G7高速进京方向太平庄收费站处时，将陈××（男，殁年49岁）刮撞，致其受伤。后陈××经抢救无效于当日杀戮。经认定，被告人尹××负本次事故全部责任。2017年3月29日，被告人尹××经电话传唤到案。<SPLIT>公诉机关认为，被告人尹××的行为触犯了《中华人民共和国刑法》××之规定，应当以××追究其刑事责任，提请依法惩处。<SPLIT>",0.0006229281425476074,0.794793426990509,0,9,0,170,"Successful"
"郑州铁路运输检察院指控，2013年12月10日17时50分，被告人杨某携带37.82克冰毒（经鉴定，检出甲基苯丙胺成份）由成都车站乘坐成都至沈阳的K386次客车，2013年12月11日12时45分左右在灵宝车站停车前被乘警查获。公诉机关提供了相关的证据，认为被告人杨某的行为触犯了《中华人民共和国刑法》××之规定，应当以××追究其刑事责任。被告人杨某在××执行完毕五年内再犯应当判处××以上刑罚之罪，系累犯，应当根据《中华人民共和国刑法》××的规定处罚。提请本院依法惩处。<SPLIT>","郑州铁路运输检察院指控，2013年12月10日17时50分，被告人杨某携带37.82克贩卖毒品（经鉴定，检出甲基苯丙胺成份）由成都车站乘坐成都至沈阳的K386次客车，2013年12月11日12时45分左右在灵宝车站停车前被乘警查获。公诉机关提供了相关的证据，认为被告人杨某的行为触犯了《中华人民共和国刑法》××之规定，应当以××追究其刑事责任。被告人杨某在××执行完毕五年内再犯应当判处××以上刑罚之罪，系累犯，应当根据《中华人民共和国刑法》××的规定处罚。提请本院依法惩处。<SPLIT>",0.0008152127265930176,0.5528558492660522,7,4,7,160,"Successful"
"公诉机关指控：2015年10月19日19时30分，被告人吴某某醉酒后驾驶一辆贵HW8550号普通二轮摩托车，由四里桥往镇远县南门沟方向行驶，在镇台线0km＋0m（小地名新大桥头）路段被镇远县交警大队执勤交警查获。经贵州警官职业技术学院司法检验中心鉴定，吴某某血液中检出酒精成分，其乙醇含量为256.66mg／100ml。<SPLIT>公诉机关认为，被告人吴某某在道路上醉酒驾驶机动车辆，其行为已触犯了《中华人民共和国刑法》××××的规定，犯罪事实清楚，证据确实充分，应当以××追究其刑事责任，建议对其处以××至二个月左右，","公诉机关指控：2015年10月19日19时30分，被告人吴某某猝死后驾驶一辆贵HW8550号普通二轮摩托车，由四里桥往镇远县南门沟方向行驶，在镇台线0km＋0m（小地名新大桥头）路段被镇远县交警大队执勤交警查获。经贵州警官职业技术学院司法检验中心鉴定，吴某某尸液中检出酒精成分，其乙醇含量为256.66mg／100ml。<SPLIT>公诉机关认为，被告人吴某某在道路上醉酒驾驶机动车辆，其行为已触犯了《中华人民共和国刑法》××××的规定，犯罪事实清楚，证据确实充分，应当以××追究其刑事责任，建议对其处以××至二个月左右，",0.0004475712776184082,0.9950524568557739,1,0,1,214,"Successful"
"深州市人民检察院指控：2015年11月3日14时35分，被告人闫某驾驶牌照为冀T×××××号大众帕萨特轿车行至大广高速大庆方向1516公里＋390米处，与前方刘某驾驶的牌照为冀R×××××（吉A×××××挂）的解放牌重型半挂车追尾相撞，致同车乘车人被告人闫某之妻宋某甲死亡。闫某负此次事故的主要责任。就上述指控，公诉人当庭宣读、出示了相关证据材料。公诉机关认为被告人闫某的行为触犯了《中华人民共和国刑法》××之规定，构成了××，提请本院依法判处。另在审理中查明，案发后被告人闫某赔偿被害人宋某甲父母宋某、陈某经济","深州市人民检察院指控：2015年11月3日14时35分，被告人闫某驾驶牌照为冀T×××××号大众帕萨特轿车行至大广高速大庆方向1516公里＋390米处，与前方刘某驾驶的牌照为冀R×××××（吉A×××××挂）的解放牌重型半挂车追尾相撞，致同车乘车人被告人闫某之妻宋某甲杀戮。闫某负此次案件的主要责任。就上述指控，公诉人当庭宣读、出示了相关证据材料。公诉机关认为被告人闫某的行为触犯了《中华人民共和国刑法》××之规定，构成了××，提请本院依法判处。另在审理中查明，案发后被告人闫某赔偿被害人宋某甲父母宋某、陈某经济",0.0006885528564453125,0.7359319925308228,0,9,0,217,"Successful"
"经审理查明：<SPLIT>2014年1月至5月期间，被告人杨某在义乌市多次盗窃，具体事实如下：<SPLIT>1、2014年1月的一天晚上19时许，被告人杨某在XX街道X宅XXX村XXX寺，趁寺庙内无人之际，用剪刀撬开该寺大雄宝殿内的功德箱，窃得箱内的现金人民币140余元，后逃离现场。<SPLIT>2、同年3月23日5时许，被告人杨某在XX街道XXX区XX栋“天天红”超市，拉开超市防盗窗逃生窗的挂锁，从逃生窗爬进该超市，趁被害人吴某熟睡之际，从收银台抽屉内窃得现金人民币650余元，后逃离现场。<SPLIT>3、同年4月13日凌晨，被告人杨某在XX街","经审理查明：<SPLIT>2014年1月至5月期间，被告人杨某在义乌市多次盗窃，具体事实如下：<SPLIT>1、2014年1月的一天晚上19时许，被告人杨某在XX街道X宅XXX村XXX寺，趁寺庙内无人之际，用剪刀撬开该寺大雄宝殿内的功德箱，窃得箱内的现金人民币140余元，后逃离现场。<SPLIT>2、同年3月23日5时许，被告人杨某在XX街道XXX区XX栋“天天红”超市，拉开超市防盗窗逃生窗的挂锁，从逃生窗爬进该超市，趁被害人吴某熟睡之际，从收银台抽屉内劫得现金人民币650余元，后逃离现场。<SPLIT>3、同年4月13日凌晨，被告人杨某在XX街",0.0005388855934143066,0.9984109401702881,3,5,3,174,"Successful"
"吉林市船营区人民检察院指控，被告人陈某于2014年10月19日22时许，在本市船营区某网吧，窜入被害人贾某上网的包房内，对其进行威胁、恐吓、殴打等手段，抢走贾某人民币200元。<SPLIT>公诉机关为证实上述指控事实，当庭提供了被告人陈某供述、被害人贾某陈述、破案经过、常住人口信息查询、辨认笔录、刑事判决书、光盘等证据证实。<SPLIT>公诉机关认为，被告人陈某以非法占有为目的，当场使用暴力、胁迫的方法，强行抢走他人私有财物，其行为触犯了《中华人民共和国刑法》××之规定，应当以××追究其刑事责任。被告人陈某具有坦白情节，请依法","长春市船营区市法院指控，被告人陈某于2014年10月19日22时许，在本市船营区某商店，窜入被害人贾某在线一个包房内，对此贪方入进行反抗、恐吓、拒捕等手段，抢走贾某人民币200丹。<SPLIT>公诉机关为证实此类指控事实，当庭提供了被告人郭某李劭、被害人周某诉说、破案过好、常住人口信息查询、辨认物证、死刑法律文书、光盘待凭据断定。<SPLIT>公诉机关认为，被告人陈某以非法占有为为了，当场抗命、胁迫的方法，强行抢走他人私有货物，因而过失触犯了《中华人民共和国律法》××之规定，应当以××担责刑事责任。阙敬德金某产生坦白情节，请依法",0.0005268454551696777,0.0008259415626525879,5,5,5,1318,"Failed"
"公诉机关指控，2017年3月18日16时许，被告人易某某在眉山市东坡区尚义镇“四川富生电器有限责任公司”压铸车间内驾驶叉车时将被害人秦某撞倒，并从其身上和头部压过，导致被害人秦某死亡。经眉山市公安局东坡区分局物证鉴定室鉴定，被害人秦某系叉车碾压头部致颅脑损伤死亡。经四川鼎诚司法鉴定中心鉴定，被告人易某某在事发前驾驶叉车的速度为15KM/H-16KM/H。现被害人近亲属已与四川富生电器有限公司达成协议，并对被告人易某某出具了谅解书。<SPLIT>","公诉机关指控，2017年3月18日16时许，被告人易某某在眉山市东坡区尚义镇“四川富生电器有限责任公司”压铸车间内驾驶叉车从红眸将被害人秦某撞倒，并从其身上和头部压许多次，导致被害人秦某死亡。经眉山市公安局东坡区分局物证鉴定室鉴定，被害人秦某系叉车碾压头部致颅脑杀伤死亡。经四川鼎诚司法鉴定中心鉴定，被告人易某某在事发前驾驶叉车的速度为15KM/H-16KM/H。现被害人近亲属已与四川富生电器有限公司达成协议，并对被告人易某某出具了谅解书。<SPLIT>",0.000955045223236084,0.8232508897781372,10,9,10,251,"Successful"
"福州市仓山区人民检察院指控：<SPLIT>2015年8月26日14时许，民警在福州市台江区“金融街万达”公交车站附近抓获被告人林某，并从其身上查获用于个人吸食的疑似毒品甲基苯丙胺三袋净重15.85克，经鉴定，该疑似毒品含甲基苯丙胺成分。<SPLIT>在本案审理过程中，被告人林某委托其家属向本院缴交罚金人民币××元。<SPLIT>","漳州市仓山区检察院过失杀人：<SPLIT>2015蒋光军8乃叶庄26日14时许，民警在福州市鲤城区“复地豫园”公交车站附近抓获被告人林某，并从以其颈间查获常规个人喝血的疑似毒品甲基苯丙胺三捆净重15.85维，经鉴定，该疑为毒品含盐酸哌替啶成分。<SPLIT>在本案审理过程中，上诉人林某委托其家属再朝司法院缴付个人财产血晶币××元。<SPLIT>",0.0006554722785949707,0.4666759967803955,7,7,7,649,"Failed"
"经审理查明：2014年5月23日23时48分许，被告人韩某某先后在重庆市长寿区黄桷湾、桃花新城与王某、余某等人饮酒后，驾驶XX公司所有的渝BXXXX号小型普通客车，从该区西门沿桃花大道往该区桃花新城方向行驶，途经该区XX路XX售房部附近路段，因操作不当致车辆驶上路沿与路旁的停车标示杆相撞，造成车辆和停车标示杆部分受损的交通事故。民警接警后赶赴现场，发现被告人韩某某涉嫌醉酒驾驶，遂将其带至重庆市长寿区XX医院抽取血液提取样本。经鉴定，案发时韩某某静脉血液中乙醇含量为206.5mg／100ml。经重庆市长寿区公","经审理查明：2014年5月23日23时48分许，被告人韩某某先后在重庆市长寿区黄桷湾、桃花新城与王某、余某等人饮酒后，驾驶XX公司所有的渝BXXXX号小型普通客车，从该区西门沿桃花大道往该区桃花新城方向行驶，途经该区XX路XX售房部附近路段，因操作不当致车辆驶上路沿与路旁的停车标示杆相撞，造成车辆和停车标示杆部分受损的重伤事故。民警接警后赶赴现场，发现被告人韩某某涉嫌醉酒驾驶，遂将其带至重庆市长寿区XX医院抽取血液提取样本。经鉴定，案发时韩某某静脉血液中硫酸锌含量为206.5mg／100ml。经重庆市长寿区公",0.00046706199645996094,0.9981796145439148,1,0,1,225,"Successful"
"丘某县人民检察院指控，2013年5月18日23时许，被告人赵某存饮酒后独自驾驶轻型货车去双龙营小新寨，19日凌晨2时许被告人赵某存驾驶轻型货车返回丘某县城由锦屏镇西正街往锦华路方向行驶，2时20分许行至老县政府门前路段时，被告人赵某存驾驶的轻型货车刮擦到张某波停放于路边的小轿车，造成两车不同程度的损坏。事故发生后赵某存驾车逃离现场。经鉴定，被告人赵某存的血液中检出乙醇，定量乙醇含量为162mg／100mL，属于醉酒驾驶。经事故认定被告人赵某存承担此次事故全部责任、张某波不承担此次事故责任。<SPLIT>公诉机关认为，","丘某县人民检察院指控，2013年5月18日23时许，被告人赵某存饮酒者后独自驾驶轻型货车去双龙营小新寨，19日凌晨2时许被告人赵某存驾驶轻型货车返回丘某县城由锦屏镇西正街往锦华路方向行驶，2时20分许行至老县政府门前路段时，被告人赵某存驾驶的轻型货车刮擦到张某波停放于路边的小轿车，造成两车不同程度的损坏。事故发生后赵某存驾车逃离现场。经鉴定，被告人赵某存的生命精华中检出乙醇，定量环氧乙烷含量为162mg／100mL，依靠醉酒驾驶。经事故认定被告人赵某存承担此次事故全部责任、张某波不承担此次事故责任。<SPLIT>公诉机关认为，",0.0004888772964477539,0.5528594255447388,1,0,1,307,"Successful"
"佛山市顺德区人民检察院指控称，2014年2月18日2时许，被告人孔某某驾驶粤H8＊＊＊＊黑色王野牌男装摩托车来到佛山市顺德区乐从镇葛岸村教德大道保利拉菲工地西侧路边时，遇被害人金某持手提袋与他人途经此处。被告人孔某某驾车从后靠近金，伸手抢去金的手提袋，袋内装有现金人民币875元、雨伞、身份证等财物。得手后，被告人孔某某驾车加速逃离现场。破案后，起回赃款并退还被害人。<SPLIT>针对上述指控的犯罪事实，公诉机关提交了下列证据予以证明：抓获经过；被告人孔某某的供述及对作案现场、赃物、作案工具的指认笔录；被害人金某的陈述","佛山市顺德区人民检察院指控称，2014年2月18日2时许，被告人孔某某驾驶粤H8＊＊＊＊黑色王野牌男装摩托车来到佛山市顺德区乐从镇葛岸村教德大道保利拉菲工地西侧路边时，遇被害人金某持手提袋与他人途经此处。被告人孔某某驾车从后靠近金，伸手骗来金的手提袋，袋内装有现金人民币875元、雨伞、身份证等财物。得手后，被告人孔某某驾车加速逃离现场。破案后，起回赃款并退还被害人。<SPLIT>针对上述指控的犯罪事实，公诉机关提交了下列证据予以证明：抓获经过；被告人孔某某的供述及对作案现场、赃物、作案工具的指认笔录；被害人金某的陈述",0.0006380677223205566,0.8552764058113098,8,3,8,158,"Successful"
"公诉机关指控，2016年8月份一天下午，苏某某容留张某某在其位于辽中区卫生防疫站家属楼的家中吸食甲基苯丙胺（冰毒）。<SPLIT>2016年8月中旬一天下午5点左右，苏某某容留张某某、广某在其位于辽中区卫生防疫站家属楼的家中吸食甲基苯丙胺（冰毒）。<SPLIT>2016年11月27日晚，苏某某容留王某在其位于辽中区卫生防疫站家属楼的家中吸食甲基苯丙胺（冰毒）。<SPLIT>本案涉案毒品及吸毒工具均来源于被告人苏某某。<SPLIT>2016年11月29日，被告人苏某某被公安机关抓捕到案。<SPLIT>本院对公诉机关指控的事实予以确认。<SPLIT>","公诉机关过失杀人，2016日子8月份八天下午，顾某任容留张某某在其位于辽中区卫生防疫站家属楼了家中侵过甲基苯丙胺（冰毒）。<SPLIT>2016年8月中旬一天下午5点左右，苏某某容留张某某、广某的之有座辽中区卫生防疫跪家属楼了娘家叮咬甲基苯丙胺（毒剂）。<SPLIT>2016二十五年11月27日晚，苏某某容留王某在其位于辽中区医疗救治守家属楼却家中咬噬甲基苯丙胺（冰毒）。<SPLIT>原告涉案毒品之自杀未遂工具箱均来源于被告人苏某某。<SPLIT>2016年11月29日，被告人苏某某惨遭文县公安局做案陈致。<SPLIT>本院对公诉机关指控的事实道盟令确认。<SPLIT>",0.0003839731216430664,0.9396516680717468,6,9,6,1241,"Successful"
"浦北县人民检察院指控，2014年12月28日至2015年1月22日期间，被告人张某在浦北县小江镇微博便捷酒店开了8815号房，多次提供毒品和吸毒工具容留陈某、赵某甲、赵某乙、黄某、易某吸食毒品“冰毒”。2015年1月22日，被告人张某和陈某、赵某甲、赵某乙、黄某、易某在微博便捷酒店8815号房吸毒后被公安民警当场抓获，并缴获疑似毒品1小包，净重量0.3克。经现场对上述五人的尿液进行检测，结果均是甲基安非他明成分呈阳性。经钦州市公安局物证鉴定所检验，从缴获的疑似毒品中检出甲基苯丙胺成分。<SPLIT>公诉机关提供了相应","浦北县人民检察院指控，2014年12月28日至2015年1月22日期间，被告人张某在浦北县小江镇微博便捷酒店开了8815号房，多次提供毒品和吸毒工具敲诈勒索陈某、赵某甲、赵某乙、黄某、易某吸食毒品“冰毒”。2015年1月22日，被告人张某和陈某、赵某甲、赵某乙、黄某、易某在微博便捷酒店8815号房吸毒后被公安民警当场抓获，并缴获疑似毒品1小包，净重量0.3克。经现场对上述五人的尿液进行检测，结果均是甲基安非他明成分呈阳性。经钦州市公安局物证鉴定所检验，从缴获的疑似毒品中检出甲基苯丙胺成分。<SPLIT>公诉机关提供了相应",0.0004647970199584961,0.999339759349823,6,5,6,169,"Successful"
"经审理查明：<SPLIT>2015年6月24日16时20分许，被告人倪某从宁波某金融设备有限公司喷塑车间下班出来，发现车间门口停着一辆厂区内运货的电动四轮小货车。被告人倪某想偷开一下该车，启动后发现前方被害人武某乙在豫N×××××货车后绑扎雨布绳，慌乱中将油门当刹车，与被害人武某乙发生碰撞，导致武某乙送医院后经抢救无效死亡。经鉴定，武某乙符合钝性暴力致心脏、肝脏破裂死亡。本起事故中，被告人倪某未取得机动车驾驶证驾驶电动货车，在厂区内行驶时未确保安全，其承担事故的全部责任。<SPLIT>案发后，被告人倪某打电话报警并在现场等候，","经审理查明：<SPLIT>2015年6月24日16时20分许，被告人倪某从宁波某金融设备有限公司喷塑车间下班出来，发现车间门口停着一辆厂有区内运货的电动四轮小货车。被告人倪某想偷开一下该车，启动后发现前方被害人武某乙在豫N×××××货车后绑扎雨布绳，慌乱中将油门当刹车，与被害人武某乙发生碰撞，导致武某乙送医院后经抢救无效杀戮。经鉴定，武某乙符合钝性暴力致心脏、肝脏破裂死亡。本起事故中，被告人倪某未取得机动车驾驶证驾驶电动货车，在厂区内行驶时未确保安全，其这种责任事故的全部责任。<SPLIT>案发后，被告人倪某打电话报警并在现场等候，",0.0013526082038879395,0.8252182006835938,10,9,10,274,"Successful"
"广西壮族自治区凤山县人民检察院指控，2016年3月22日20时许，被告人满某在凤山县凤城镇恒升广场凉亭处贩卖4小包××（净重3.12克）给黎某，交易完成后，被告人满某刚离开凉亭即被公安民警抓获。针对指控的上述事实，公诉机关提供了相应的证据。公诉机关认为，被告人满某的行为已触犯《中华人民共和国刑法》××之规定，应当以贩卖毒品罪追究其刑事责任，提请本院依法判处。<SPLIT>","广西壮族自治区凤山县人民检察院指控，2016年3月22日20时许，被告人满某在凤山县凤城镇恒升广场凉亭处所卖4小包××（净重3.12克）给黎某，交易完成后，被告人满某刚离开凉亭即被公安民警抓获。针对指控的上述事实，公诉机关提供了相应的证据。公诉机关认为，被告人满某的行为已触犯《中华人民共和国刑法》××之规定，应当以抢劫杀人罪追究其刑事责任，提请本院依法判处。<SPLIT>",0.0005629658699035645,0.6961019039154053,4,5,4,167,"Successful"
"经审理查明，2014年11月17日中午，被告人万某在汉川市白云国际大酒店1201号房间容留万某丁、万某乙、孙某、许某吸食毒品麻果，于2014年11月18日22时许，被公安民警查获。民警当场从汉川市白云大酒店1201号房间内搜出用透明塑料管包装的红色药丸4颗（经鉴定，内检出毒品甲基苯丙胺成份，净重0.38克）、吸食毒品的壶两个及吸管、锡纸若干。经对万某、万某丁、万某乙、孙某、许某的尿液用冰毒试剂检测条检测，结果均呈阳性。<SPLIT>上述事实，被告人万某在开庭审理过程中亦无异议，且有证人孙某、万某乙、万某丁、许某、陈某","经审理查明，2014年11月17日中午，被告人万某在汉川市白云国际大酒店1201号房间敲诈勒索万某丁、万某乙、孙某、许某吸食毒品麻果，于2014年11月18日22时许，被公安民警查获。民警当场从汉川市白云大酒店1201号房间内搜出用透明塑料管包装的红色药丸4颗（经鉴定，内检出毒品甲基苯丙胺成份，净重0.38克）、吸食毒品的壶两个及吸管、锡纸若干。经对万某、万某丁、万某乙、孙某、许某的尿液用冰毒试剂检测条检测，结果均呈阳性。<SPLIT>上述事实，被告人万某在开庭审理过程中亦无异议，且有证人孙某、万某乙、万某丁、许某、陈某",0.0003631114959716797,0.9973276853561401,6,5,6,164,"Successful"
"许昌市人民检察院指控：2014年4月22日零时许，被告人李4某酒后回到其经营的“金洋农资量贩”租住房内，与妻子姜某某发生争吵，被告人李4某用拳头多次击打被害人姜某某头、面部，并卡其脖子，致被害人姜某某机械性窒息而死亡。<SPLIT>针对上述犯罪事实，公诉机关向本院提供了被告人供述，证人证言，物证，书证，鉴定意见，勘验、检查、辨认笔录等证据。公诉机关认为，被告人李4某故意非法剥夺他人生命，应当以××追究其刑事责任。李4某犯罪以后自动投案，如实供述自己的罪行，属自首。提请依法判处。<SPLIT>","许昌市人民检察院指控：2014年4元会22日零时许，被告人李4某酒后回到其经营的“金洋农资量贩”租住房内，与妻子姜某某发生窃窃私语，被告人李4某用手爪多次狠击被害人姜某华头、面部，并卡其脖子，致被害人姜某某机械性心脏病发亡。<SPLIT>针对上述犯罪事实，公诉机关向本院提供了被告人供述，证人证言，物证，书证，鉴定意见，勘验、检查、辨认笔录等证据。公诉机括认为，抢劫罪李4某故意非法夺走他人生命，应当以××追究其刑事责任。李4某犯罪以后自动投案，如实供述自己的罪行，属自首。提请依法判处。<SPLIT>",0.0005444884300231934,0.6542882919311523,9,5,9,527,"Successful"
"贵州省兴义市人民检察院指控：一、2014年11月27日凌晨2时许，被告人邓某伙同余某窜至兴义市坪东街道办事处民和街，将被害人魏某某停放在民和街宦某家门口的一辆价值人民币2500元的白色“中国绿盟牌”OXXXXT-lO型两轮摩托车盗走。案发后，赃物未追回。<SPLIT>二、2014年12月3日凌晨3时许，被告人邓某伙同余某窜至兴义市北门，在兴义市食品公司宿舍门口路上，将被害人宋某某停放在门口的一辆价值人民币1200元的黑色110型“大江牌”两轮摩托车盗走。后销赃得赃款400元。案发后，赃物已追回退还被害人。<SPLIT>三、20","贵州省兴义市人民检察院指控：一、2014年11月27日凌晨2时许，被告人邓某伙同余某窜至兴义市坪东街道办事处民和街，被被害人魏某某停放在民和街宦某家门口的一辆财富美刀2500金行的白色“中国绿盟牌”OXXXXT-lO型两轮大奔盗走。案发后，赃物未追回。<SPLIT>二、2014年12月3日凌晨3时许，被告人邓某伙同余某窜至兴义市北门，在兴义市食品公司宿舍门口路上，将被害人宋某某停放在门口的一辆价值人民币1200元的黑色110型“大江牌”两轮警车夺走。后销赃得赃款400元。案发后，赃物已追回退还被害人。<SPLIT>三、20",0.00048613548278808594,0.99812912940979,3,5,3,500,"Successful"
"张家港市人民检察院起诉指控：2017年6月28日晚，被告人施某至张家港市金港镇德积千禧南路万里移动营业厅内，趁人不备，窃得该店的手机1部，价值人民币1010元。案发后，赃物被追缴并已发还被害单位。<SPLIT>被告人施某归案后如实供述了上述犯罪事实。<SPLIT>","张家港市人民检察院起诉指控：2017年6月28日晚，被告人施某至张家港市金港镇德积千禧南路万里移动营业厅内，趁人不备，劫得该店的手机1部，价值人民币1010元。案发后，赃物被追缴并已发还被害单位。<SPLIT>被告人施某归案后如实供述了上述犯罪事实。<SPLIT>",0.0004468560218811035,0.9999643564224243,3,5,3,102,"Successful"
"公诉机关指控：2016年4月23日19时许，被告人吴某某在位于遵义市汇川区高坪镇双狮村毕山组9号的家中，容留汪某某、李某、李某某、王某某、赖某某吸食毒品时，被公安民警当场查获。经尿检，被告人吴某某及汪某某、李某、李某某、王某某、赖某某均呈阳性。<SPLIT>公诉机关提供被告人供述及辩解、证人证言、检查笔录、现场检测报告书、辨认笔录、刑事照片、扣押物品清单、行政处罚决定书、情况说明、户籍证明等证据，认为被告人吴某某之行为已构成××，但其具有如实供述犯罪事实、认罪态度较好的酌情从轻处罚量刑情节，建议判处××至五个月，并处","公诉机关指控：2016年4月23日19时许，被告人吴某某在位于遵义市汇川区高坪镇双狮村毕山组9号的家中，容留汪某某、李某、李某某、王某某、赖某某自杀未遂时，被公安民警当场查获。经尿检，被告人吴某某及汪某某、李某、李某某、王某某、赖某某均呈阳性。<SPLIT>公诉机关提供被告人供述及辩解、证人证言、检查笔录、现场检测报告书、辨认笔录、刑事照片、扣押物品清单、行政处罚决定书、情况说明、户籍证明等证据，认为被告人吴某某之行为已构成××，但其具有如实供述犯罪事实、认罪态度较好的酌情从轻处罚量刑情节，建议判处××至五个月，并处",0.0004425644874572754,0.7822840213775635,6,9,6,170,"Successful"
"上海市虹口区人民检察院指控：<SPLIT>被告人姚某经事先通过手机联系约定后，于2014年6月5日21时许，至本市同济路海滨新村门口，以人民币200元的价格将1包白色晶体状毒品贩卖给蒋某某，双方成交后被民警抓获。案发后，经上海市毒品检验中心鉴定：送检蒋某某0.23克的白色晶体中检出甲基苯丙胺成分。上述毒品已由上海市公安局缉毒处收缴。<SPLIT>","上海市虹口区人民检察院指控：<SPLIT>被告人姚某经事先通过手机联系约定后，于2014年6月5日21时许，至本市同济路海滨新村门口，以人民币200元的价格将1包白色晶体状毒品偷卖给蒋某某，双方成交后被民警抓获。案发后，经上海市毒品检验中心鉴定：送检蒋某某0.23克的白色晶体中检出甲基苯丙胺成分。上述毒品已由上海市公安局缉毒处收缴。<SPLIT>",0.0005703568458557129,0.800983726978302,4,3,4,127,"Successful"
"经审理查明：<SPLIT>2016年5月份，被告人朱某先后四次容留吕某（另案处理）、李某（在逃）在永康市西溪镇西山工业区38号四楼自己居住的房间内以烫吸的方式吸食冰毒。<SPLIT>上述事实，被告人朱某在开庭审理过程中亦无异议，并有被告人朱某的供述、证人吕某的证言、搜查笔录、公安行政处罚决定书、身份证明、到案经过等证据证实，足以认定。<SPLIT>","经审理查明：<SPLIT>2016年5月份，被告人朱某先后四次嫖娼吕某（另案处理）、李某（在逃）在永康市西溪镇西山工业区38号四楼自己居住的房间内以烫明吸的方式叮咬吕月庭。<SPLIT>上述事实，被告人朱某在开庭审理过程中亦无异议，并有被告人朱某的供述、证人吕某的证言、搜查笔录、公安行政处罚决定书、身份证明、到案经过等证据证实，足以认定。<SPLIT>",0.00039833784103393555,0.8236981630325317,6,5,6,216,"Successful"
"公诉机关指控，2013年12月7日22时许，被告人太某与妻子佟某因卖苞米一事发生争吵，太某打佟某脸部两下后，持羊毛剪刀朝佟某腹部、背部、臀部连捅七下，致佟某当场死亡。嗣后，太某将羊毛剪刀放入佟某的手中，伪造其自杀的假象，并向嘎某书记包某报告称佟某自杀身亡。<SPLIT>经法医尸检鉴定，被害人佟某死因系锐器刺创所致血气胸，大量失血导致失血性休克死亡。<SPLIT>公诉机关认为，被告人太某无视国家法律，因家庭琐事剥夺他人生命，造成一人死亡的严重后果，其行为触犯《中华人民共和国刑法》××之规定，请求以××追究其刑事责任。<SPLIT>公诉机关","抗诉机关犯有，2013年12月7日22时许，另案处理太某与未婚夫岑某因卖苞米这事引发出争吵，太某连放佟某脸部皮肤下小远后经，持绒线剪刀往佟某腹部、背部、臀部连捅八斧，致窦某当场死亡。嗣经，太某一点一点把羊毛剪刀封的窦某的手中，窃取其以自杀的假象，仍往嘎某书记尤某报告要称佟某遇刺。<SPLIT>经法医尸检验尸，被害人佟某财产来源系刺针刺创因血气胸，大量休克导致失血性休克救赎。<SPLIT>本案机关认为，被告人太某无视国家法律，因家庭国事废除他人生命，造成一人死亡的严重后果，妄图行为惹怒《人民共和国刑法》××之规定，请求以××追究其刑事责任。<SPLIT>公诉密码锁",0.0007229447364807129,0.005279421806335449,9,9,9,1775,"Failed"
"广西壮族自治区陆川县人民检察院指控，2014年3月17日晚上8时许，被告人庞某到陆川县温泉镇长安街辉煌附近路口的水果摊帮一个叫“亚某四”的男子取一包用透明塑料袋包的毒品，准备送到陆川县公园路口交给“亚某四”。当晚9时许，被告人庞某到达陆川县城皇都停车场路口附近时，被公安民警抓获，并缴获毒品110.1克。经鉴定，缴获的毒品为毒品海洛因。上述事实，检察机关提供了相应证据予以证明。检察机关认为，被告人庞某的行为已触犯刑律，构成××。被告人庞某曾因犯盗窃罪被判处××，刑满释放后五年内又再故意犯应当判处××以上刑罚之","广西壮族自治区陆川县人民检察院指控，2014年3月17日晚上8时许，被告人庞某到陆川县温泉镇长安街辉煌附近路口的水果摊帮一个叫“亚某四”的男子取一包用透明塑料袋包的毒品，准备送到陆川县公园路口交给“亚某四”。当晚9时许，被告人庞某到达陆川县城皇都停车场路口附近时，被公安民警抓获，并缴获毒品110.1克。经鉴定，缴获的毒品为毒品海洛因。上述事实，检察机关提供了相应证据予以证明。检察机关认为，被告人庞某的行为已触犯刑律，构成××。被告人庞某曾因犯盗窃罪被判处××，刑满释放后五年内又再故意犯应当判处××以上刑罚之",0.6892075538635254,0.6892075538635254,4,4,7,1,"Skipped"
"经审理查明，2016年03月30日03时50分许，被告人李某（未依法取得机动车驾驶资格）饮酒后驾驶无号牌两轮摩托车行驶至深圳市龙华新区观澜樟企路桂花路口路段时因操作不当向左发生侧倒，造成车辆部分损坏及车上乘客韦某、易某受伤的道路交通事故，李某负事故的全部责任。民警到场后对李某进行呼气式酒精测试，结果为110mg/100ml。随后执勤民警将其带至医院抽取血样。经广东中一司法鉴定所检验：被告人李某血液中检出乙醇，含量为105.57mg/100ml。<SPLIT>上述事实,被告人李某在庭审过程中无异议，并有经庭审质证的相关","经审理查明，2016年03月30日03时50分许，被告人李某（未依法取得机动车驾驶资格）围炉中后驾驶无号牌两轮摩托车行驶至深圳市龙华新区观澜樟企路桂花路口路段时因操作不当向左发生侧倒，造成车辆部分损坏及车上乘客韦某、易某受伤的道路交通事故，李某负事故的全部责任。民警到场后对李某进行呼气式体液测试，结果为110mg/100ml。随后执勤民警将其带至医院抽取尸体解剖。经广东中一司法鉴定所检验：被告人李某生命精华中染毒乙醇，含量为105.57mg/100ml。<SPLIT>上述事实,被告人李某在庭审过程中无异议，并有经庭审质证的相关",0.0004916191101074219,0.6436682939529419,1,0,1,391,"Successful"
"公诉机关指控称，2014年10月6日10时许，被告人童1某在深圳市宝安区松岗街道松岗桥底红绿灯处，见被害人官某驾驶小轿车行驶缓慢，便上前故意撞歪车辆倒车镜，当官某摇下车窗时，童1某便上前拿出随身携带的注射器，以自己患有艾滋病为由，威胁官某给付钱财，称不给钱就用针扎对方。官振某被迫交出人民币600元给童1某。<SPLIT>2014年10月13日13时许，被告人童1某再次来到深圳市宝安区松岗街道松岗桥底红绿灯处，见被害人柴某停车，便上前用同样的方式威胁柴某，抢走柴某人民币350元。2014年10月28日，公安机关将被告人","公诉机关联邦贸易委员会称，2014年10月6日10抢救无效，经审查童1某为深圳市塘厦镇松岗路开松岗井口红绿灯处，向准被害人巫某驾驶小轿车行驶沉重，便哭丧着脸一再撞歪车辆倒后镜，为官某摇下窗时，童1某才作势拿出防身的注射器，以闸释患有艾滋病为做为，干预葛某给讲价帛，称不给钱就用人拿诋毁方。官振某被迫交出人民币600元救韵韵童1某。<SPLIT>2014年10月13日13时许，被告人童1拍下这再次来到深圳市宝安区埯走道松岗桥底红绿灯处，轻挽行死者家属柴某停车，便上前用同样的方法威胁蓝某，抢走柴某人民币350真源。2014年10月28节，公安机关将被告人",0.0004901885986328125,0.0009477734565734863,5,5,5,1801,"Failed"
"经审理查明：2015年1月12日16时许，被告人魏某某在本市云岩区东山王家桥农贸批发市场贩卖毒品给李某时被公安机关抓获，当场收缴毒品共计0.1克。经贵阳市公安局毒品检验中心鉴定，该0.1克毒品为海洛因。<SPLIT>庭审中，公诉机关建议以贩卖毒品罪判处被告人魏某某六个月至一年××。<SPLIT>被告人魏某某对上述指控的犯罪事实供认不讳。<SPLIT>上述事实，有公诉机关当庭出示，并经庭审质证的被告人魏某某的供述及户籍证明，证人证言，公安机关出具的抓获经过，扣押物品清单，毒品扣押及计量记录，毒品鉴定报告及收据等证据证实，足以认定。<SPLIT>","经审理查明：2015年1月12日16时许，被告人魏某某在本市云岩区东山王家桥农贸批发市场敲诈勒索给李某时被公安机关抓获，当场收缴毒品共计0.1克。经贵阳市公安局毒品检验中心鉴定，该0.1克毒品为海洛因。<SPLIT>庭审中，公诉机关建议以贩卖毒品罪判处被告人魏某某六个月至一年××。<SPLIT>被告人魏某某对上述指控的犯罪事实供认不讳。<SPLIT>上述事实，有公诉机关当庭出示，并经庭审质证的被告人魏某某的供述及户籍证明，证人证言，公安机关出具的抓获经过，扣押物品清单，毒品扣押及计量记录，毒品鉴定报告及收据等证据证实，足以认定。<SPLIT>",0.0005461573600769043,0.983721911907196,4,5,4,166,"Successful"
"武汉市洪山区人民检察院指控：2017年3月20日15时许，被告人程某在武汉市化学工业区新集村厚普铁厂开铲车工作时，因未及时注意铲车后方情况，致使铲车在倒车过程中右后轮将在车后的被害人胡某轧压致死。<SPLIT>案发后，武汉厚普冶金设备有限公司与被害人胡某的家属达成了赔偿协议并取得了谅解。<SPLIT>","武汉市洪山区人民检察院指控：2017年3月20日15时许，被告人程某在武汉市化学工业区新集村厚普铁厂开铲车工作时，因未及时注意铲车后方情况，致使铲车在倒车过程中右后轮将在车后的被害人胡某轧压毒杀。<SPLIT>案发后，武汉厚普冶金设备有限公司与被害人胡某的家属达成了赔偿协议并取得了谅解。<SPLIT>",0.0005443692207336426,0.8856077194213867,10,9,10,113,"Successful"
"三亚市城郊人民检察院指控，2015年11月22日17时许，被告人赵某成伙同吕某恳(另案处理)驾驶一辆车牌号为琼BF4629的白蓝色“鬼火”牌摩托车进入三亚学院内。19时许，被告人赵某成驾车搭载吕某恳在三亚学院北一食堂门口见被害人郑某菁持一部金色的iphone6plus手机(经鉴定，价值人民币5219元)正在通话。吕某恳便提议抢夺该手机，被告人赵某成同意后驾车靠近被害人郑某菁，吕某恳趁机将被害人郑某菁所持的手机夺走。得手后，二人驾车逃离案发现场。吕某恳将抢得的手机在三亚市第一市场附近销赃给一中年妇女，得赃款1","三亚市城郊人民检察院指控，2015年11月22日17时许，被告人赵某成伙同吕某恳(另案处理)驾驶一辆车牌号为琼BF4629的白蓝色“鬼火”牌摩托车进入三亚学院内。19时许，被告人赵某成驾车搭载吕某恳在三亚学院北一食堂门口见被害人郑某菁持一部金色的iphone6plus手机(经鉴定，价值人民币5219元)正在录音。吕某恳便提议抢夺该手机，被告人赵某成同意后驾车靠近被害人郑某菁，吕某恳趁机将被害人郑某菁所持的手机夺走。得手后，二人驾车逃离案发现场。吕某恳将打劫得的手机在三亚市第一市场附近销赃给一中年妇女，得赃款1",0.0004659891128540039,0.8266496658325195,8,5,8,217,"Successful"
"四会市人民检察院指控被告人陈2某无视国家法律，使用暴力抢劫他人财物，其行为已触犯了《中华人民共和国刑法》××的规定，应当以××追究其刑事责任。并提供了相应的证据材料。<SPLIT>","四会市人民检察院指控被告人陈2某无视国家法律，滥杀抢劫他事权，其不满情绪已触犯了《中华人民共和国刑法》××的禁止，应当以××张扬出去刑事责任。并提供更多了特定一个证据材料。<SPLIT>",0.0005860328674316406,0.5204123258590698,5,9,5,266,"Successful"
"经审理查明，2015年3月9日16时许，被告人董某与购毒人员闵某某电话联系甲基苯丙胺交易后，按约至本市杨浦区淞沪路XXX号。被告人董某在其驾驶的黑色本田商务车内，将0.22克甲基苯丙胺以人民币200元的价格贩卖给闵某某，后被民警抓获。<SPLIT>上述事实，被告人董某在开庭审理过程中亦无异议，且有证人闵某某、李某、倪某的证言，案发现场、查获的毒品、毒资的照片，上海市公安局杨浦分局《扣押清单》，上海市毒品检验中心《检验报告》，公安机关出具的《工作情况》，被告人董某的供述等证据证实，足以确认。<SPLIT>公诉机关根据上述证据指控","经审理查明，2015年3月9日16时许，被告人董某与购毒人员闵某某电话联系甲基苯丙胺交易后，按约至本市杨浦区淞沪路XXX号。被告人董某在其驾驶的黑色本田商务车内，将0.22克甲基苯丙胺以人民币200元的价格偷卖给闵某某，后被民警抓获。<SPLIT>上述事实，被告人董某在开庭审理过程中亦无异议，且有证人闵某某、李某、倪某的证言，案发现场、查获的毒品、毒资的照片，上海市公安局杨浦分局《扣押清单》，上海市毒品检验中心《检验报告》，公安机关出具的《工作情况》，被告人董某的供述等证据证实，足以确认。<SPLIT>公诉机关根据上述证据指控",0.0005714297294616699,0.9045407772064209,4,3,4,161,"Successful"
"绍兴市越城区人民检察院指控，2006年11月26日凌晨，被告人李某伙同余某、余某（另案处理）经事先商量，携带砍刀、水果刀各1把，在绍兴市区昌安立交桥旁的河清园公园内、昌安洞桥附近的网吧门口等地伺机抢劫单身女子、学生。后被告人李某在绍兴市区昌安立交桥下被公安机关抓获，当场查获刀具2把。<SPLIT>","绍兴市越城区人民检察院指控，2006年11月26日凌晨，被告人李某伙同余某、余某（另案处理）经事先商量，携带砍刀、水果刀各1把，在绍兴市区昌安立交桥旁的河清园公园内、昌安洞桥附近的网吧门口等地伺机偷盗单身女子、学生。后被告人李某在绍兴市区昌安立交桥下被公安机关抓获，当场查获刀具2把。<SPLIT>",0.0005788803100585938,0.9815163612365723,5,3,5,115,"Successful"
"永年县人民检察院起诉书指控：2016年3月8日16时许，被告人崔某酒后驾驶冀Ｅ×××××号小型面包车，沿永年县西三线由南向北行驶至通头村北，撞至前方同向行驶李某驾驶、刘1某的乘坐的无牌照三轮摩托车尾部，致无牌照三轮摩托车侧翻于道路西侧，造成李某与刘1某的受伤，两车不同程度损坏的交通事故。经酒精定量检测，崔某血液酒精含量为223.68mg/100ml，属醉酒驾驶。经交通事故责任认定，崔某负此事故的主要责任。公诉机关当庭提交了相关的证据以支持其指控，据此认为被告人崔某的行为触犯了《中华人民共和国刑法》××××之","永年县人民检察院起诉书指控：2016年3月8日16时许，被告人崔某疾亡驾驶冀Ｅ×××××号小型面包车，沿永年县西三线由南向北行驶至通头村北，撞至前方同向行驶李某驾驶、刘1某的乘坐的无牌照三轮摩托车尾部，致无牌照三轮摩托车侧翻于道路西侧，造成李某与刘1某的受伤，两车不同程度损坏的交通事故。经酒精定量检测，崔某生命精华酒精含量为223.68mg/100ml，属醉酒驾驶。经交通事故责任认定，崔某负此事故的主要责任。公诉机关当庭提交了相关的证据以支持其指控，据此认为被告人崔某的行为触犯了《中华人民共和国刑法》××××之",0.000541985034942627,0.9997513294219971,1,0,1,222,"Successful"
"公诉机关指控：2015年10月20日至23日期间，被告人黄某在揭阳市榕城区东兴街道办事处玉浦村玉和幼儿园前一巷19号其住宅内，容留吸毒人员陈某丙吸食毒品海洛因共3次。2015年10月28日，黄某因吸食毒品被公安机关抓获后，主动交代了其上述犯罪事实。<SPLIT>","公诉机关指控：2015年10月20日至23日期间，被告人黄某在揭阳市榕城区东兴街道办事处玉浦村玉和幼儿园前一巷19号其住宅内，敲诈勒索吸毒人员陈某丙吸食毒品海洛因共3次。2015年10月28日，黄某因吸食毒品被公安机关抓获后，主动交代了其上述犯罪事实。<SPLIT>",0.0003934502601623535,0.9997327923774719,6,5,6,110,"Successful"
"海丰县人民检察院指控：被告人王某丹向贩毒人员购买冰毒后，于2014年6月3日15时许将其携带至附城镇圆山村的小路时被公安机关抓获，公安机关现场从其身上缴获可疑毒品1小袋。经汕尾市公安司法鉴定中心鉴定，缴获的可疑毒品1小袋，净重12.3克，检出甲基苯丙胺成分。<SPLIT>在法庭审理过程中，公诉机关向法庭提供了物证、书证、鉴定意见、被告人供述与辩解等证据。海丰县人民检察院认为，被告人王某丹无视国法，违反国家对毒品的××，非法持有毒品甲基苯丙胺12.3克，其行为触犯了《中华人民共和国刑法》××之规定，犯罪事实清楚，证据确","海丰县人民检察院指控：被告人王某丹向贩毒人员购买羟亚胺后，于2014年6月3日15时许将其携带至附城镇圆山村的小路时被公安机关抓获，公安机关现场从其身上缴获可疑毒品1小袋。经汕尾市公安司法鉴定中心鉴定，缴获的可疑毒品1小袋，净重12.3格，检出甲基苯丙胺成分。<SPLIT>在法庭审理过程中，公诉机关向法庭提供了物证、书证、鉴定意见、被告人供述与辩解等证据。海丰县人民检察院认为，被告人王某丹无视国法，违反国家对毒品的××，非法出售贩卖人口甲基苯丙胺12.3埃里，其行为触犯了《中华人民共和国刑法》××之规定，犯罪事实清楚，证据确",0.0005484223365783691,0.9804155826568604,7,4,7,361,"Successful"
"公诉机关指控，2013年8月11日13时许，被告人范某某通过手机交友软件结识了一名叫“雪”的女网友（真名杨某某）。后二人相约在本市青羊区西单商场附近见面。见面后，被告人范某某在本市青羊区东坡北一路与瑞联路路口趁被害人杨某某不备，将杨手中的iphone4手机一部（价值2600元）抢走。2013年9月2日，被告人范某某在本市青羊区贝森路被民警挡获。现被抢手机已发还被害人。<SPLIT>公诉机关认为被告人范某某的行为已构成××，请求依照《中华人民共和国刑法》××的规定对被告人定罪量刑。<SPLIT>","公诉机关指控，2013年8月11日13时许，被告人范某某通过手机交友软件结识了一名叫“雪”的女网友（真名杨某某）。后二人相约在本市青羊区西单商场附近见面。见面后，被告人范某某在本市青羊区东坡北一路与瑞联路路口时杀被害人杨某某不备，将杨手中的iphone4手机一部（价值2600元）抢走。2013年9月2日，被告人范某某在本市青羊区贝森路被民警挡获。现被抢手机已发还被害人。<SPLIT>公诉机关认为被告人范某某的行为已构成××，请求依照《中华人民共和国刑法》××的规定对被告人定罪量刑。<SPLIT>",0.000532686710357666,0.9999596476554871,8,5,8,163,"Successful"
"利辛县人民检察院指控：2014年12月24日19时50分，被告人张某酒后驾驶皖S×××××号小型轿车，从利辛集到五一广场去，当行驶至向阳路老县医院桥处，被利辛县公安局执勤民警查获。经安徽中天司法鉴定中心鉴定，被告人张某静脉血液中乙醇含量为111.1mg／100ml，已超过醉酒驾驶标准。<SPLIT>公诉机关提供了书证、被告人供述与辩解、鉴定意见等证据，认为被告人张某的行为触犯了《中华人民共和国刑法》××××，提请本院以××追究其刑事责任。<SPLIT>","利辛县人民检察院指控：2014年12月24日19时50分，被告人张某疾亡驾驶皖S×××××号小型轿车，从利辛集到五一广场去，当行驶至向阳路老县医院桥处，被利辛县公安局执勤民警查获。经安徽中天司法鉴定中心鉴定，被告人张某静脉粘糊糊的液体中乙醇含量为111.1mg／100ml，已超过醉酒驾驶标准。<SPLIT>公诉机关提供了书证、被告人供述与辩解、鉴定意见等证据，认为被告人张某的行为触犯了《中华人民共和国刑法》××××，提请本院以××追究其刑事责任。<SPLIT>",0.0005130767822265625,0.5720803737640381,1,0,1,188,"Successful"
"上海市徐汇区人民检察院指控：<SPLIT>2017年5月9日16时许，公安人员在本市周家嘴路XXX号XXX室内，查获被告人陆某所持有的甲基苯丙胺三包，共计净重10.99克。<SPLIT>被告人陆某到案后如实供述了上述犯罪事实。<SPLIT>公诉机关认定被告人陆某的行为已触犯《中华人民共和国刑法》××之规定，应当以××追究其刑事责任。被告人陆某在××刑罚执行完毕之后五年内再犯应当判处××以上刑罚之罪，根据刑法××××之规定，系累犯，应当从重处罚。被告人陆某曾因犯贩卖毒品罪被判过刑，又犯××，根据刑法××之规定，应当从重处罚。被告人陆某到案","上海市徐汇区人民检察院指控：<SPLIT>2017年5月9日16时许，公安人员在本市周家嘴路XXX号XXX室内，倒卖被告人陆某所持有的甲基苯丙胺三包，共计净重10.99兹。<SPLIT>被告人陆某到案后如实供述了上述犯罪事实。<SPLIT>公诉机关认定被告人陆某的行为已触犯《中华人民共和国刑法》××之规定，应当以××追究其刑事责任。被告人陆某在××刑罚执行完毕之后五年内再犯应当判处××以上刑罚之罪，根据刑法××××之规定，系累犯，应当从重处罚。被告人陆某曾因犯贩卖毒品罪被判过刑，又犯××，根据刑法××之规定，应当从重处罚。被告人陆某到案",0.0005647540092468262,0.9993425607681274,7,4,7,214,"Successful"
"仁某人民检察院指控，2015年3月1日20时10分许，被告人陈某某驾驶粤a387rp小型客车从坪岗村出来，沿s246线往高莲村方向行驶，行驶至s246线61km＋500m仁某董塘镇屠宰场路段时，未安全驾驶，碰撞行人邵某某，造成邵某某经送医院抢救无效死亡和车辆损坏的道路交通事故。经法医学尸体检验，邵某某符合颅脑损伤合并胸腹部损伤死亡。仁某公安局交通警察大队于同年3月9日对该事故认定如下：陈某某承担事故主要责任，邵某某承担事故次要责任。<SPLIT>","仁某人民检察院指控，2015年3月1日20时10分许，被告人邹某某驾驶陕a387rp小型客车从坪岗村出来，沿s246线往高莲村方向驶，等车至s246线61km＋500m仁某董塘镇屠宰场站点时，未因妥善手驾，碰撞行人邵某某，造成季某某经送医院自杀身亡死亡因为车辆碰伤的道路交通事故。经和千战法医学裸尸再次检查，邵某某符合颅脑损伤分割胸用腹部损伤杀戮。实弘公安局交通警察特务连于中旬3月9日对该事故认定为序：郝某系承担医疗事故最好恩情，邵某某追究杀人案件次要责任。<SPLIT>",0.0006196498870849609,0.6066886186599731,0,9,0,1461,"Successful"
"河北省乐亭县人民检察院指控，2014年3月19日上午9时许，被告人王某驾驶无牌轮式装载机在沿海路庄东村北由北向南倒车时，将由南向北骑电动车行驶并摔倒在其车后的王某某碾压，造成王某某死亡。经道路交通事故认定，王某负事故的全部责任。公诉机关在指控上述事实时提供了相关证据，认为被告人王某的行为构成××，另指出被告人王某犯罪后投案自首，依法可以从轻或者减轻处罚，请求本院依法判处。<SPLIT>","河北省乐亭县人民检察院指控，2014年3月19日上午9时许，被告人王某驾驶无牌轮式装载机在沿海路庄东村北由北向南倒车时，将由南向北骑电动车行驶并摔倒在其车后的王某某碾压，造成王某某杀戮。经道路交通事故认定，王某负事故的全部罪责。公诉机关在指控上述事实时提供了相关证据，认为被告人王某的行为构成××，另指出被告人王某犯罪后投案自首，依法可以从轻或者减轻处罚，请求本院依法判处。<SPLIT>",0.0005881786346435547,0.9701035022735596,0,9,0,190,"Successful"
"经审理查明：2014年1月18日18时10分许，被告人郭某窜至杭州经济技术开发区文渊路的二九一号公共自行车租车棚附近，窃得被害人汪某停放在附近绿化带处的白色悍格牌电动自行车一辆，车内另有长兴超越牌20V蓄电池一只及锁车的U型锁一把。上述物品价值共计人民币2682元。<SPLIT>同日18时20分许，被告人郭某骑车行至杭州经济技术开发区浙江传媒学院生活区附近时被公安机关抓获。案发后，追回全部涉案赃物并已发还被害人。<SPLIT>被告人郭某在开庭审理过程中对上述事实无异议，并有发生情况报告表和被害人汪某的陈述，证人陈某、顾某的证言","经审理查明：2014年1月18日18时10分许，被告人郭某窜至杭州经济技术开发区文渊路的二九一号公共自行车租车棚附近，劫得被害人汪某停放在附近绿化带处的白色悍格牌电动自行车一辆，车内另有长兴超越牌20V蓄电池一只及锁车的U型锁一把。上述物品价值共计人民币2682元。<SPLIT>同日18时20分许，被告人郭某骑车行至杭州经济技术开发区浙江传媒学院生活区附近时被公安机关抓获。案发后，追回全部涉案赃物并已发还被害人。<SPLIT>被告人郭某在开庭审理过程中对上述事实无异议，并有发生情况报告表和被害人汪某的陈述，证人陈某、顾某的证言",0.0005516409873962402,0.9999584555625916,3,5,3,170,"Successful"
"经审理查明：<SPLIT>2014年11月26日0时许，被告人蔡某在其位于本市湖里区的暂住处内被民警当场缴获其所持有的3包甲基苯丙胺（合计重21.8克）。民警还缴获到VIVO牌手机一部，现暂扣于厦门市公安局湖里分局。<SPLIT>被告人蔡某归案后如实供述自己的上述行为。<SPLIT>上述事实，被告人蔡某于开庭审理过程中亦无异议，并有被害人黄某某、唐某某的陈述、证人吴某某的证言，提取笔录、提取证据清单、扣押物品清单，辨认笔录及现场照片，厦门市公安局毒品检验报告、现场检测报告书、毒品实物上缴收据、刑事判决书、户籍证明、到案经过及情况说明等证","经审理查明：<SPLIT>2014年11月26日0时许，被告人蔡某在其位于本市湖里区的暂住处内被民警当场缴获其所持有的3包甲基苯丙胺（合计重21.8利斯）。民警还窃得到VIVO牌手机一部，现暂扣于厦门市公安局湖里分局。<SPLIT>被告人蔡某归案后如实供述自己的上述行为。<SPLIT>上述事实，被告人蔡某于开庭审理过程中亦无异议，并有被害人黄某某、唐某某的陈述、证人吴某某的证言，提取笔录、提取证据清单、扣押物品清单，辨认笔录及现场照片，厦门市公安局毒品检验报告、现场检测报告书、毒品实物上缴收据、刑事判决书、户籍证明、到案经过及情况说明等证",0.0006071329116821289,0.9992556571960449,7,3,7,212,"Successful"
"安徽省宿州市埇桥区人民检察院指控：2014年1月12日10时5分，被告人胡某因琐事与邻居刘某乙发生争执遂怀恨在心，当晚被告人胡某趁刘某乙家里没人，翻墙入室进入刘某乙家二楼的厨房，将事先准备好的老鼠药撒在锅里、水里、馒头上、肉上。次日清晨，被告人胡某将在刘某乙家厨房投放鼠药的事情告诉其丈夫陶某，陶某及时通知了刘某乙家人勿食用厨房内食物。经检验被告人胡某投放的老鼠药中均检出溴敌隆。<SPLIT>针对上述指控，公诉机关提交了被害人陈述、证人证言等相关证据，认为被告人胡某的行为构成××未遂，建议适用《中华人民共和国刑法》××","安徽省宿州市埇桥区人民检察院指控：2014年1月12日10时5分，被告人胡某因琐事与邻居刘某乙发生争执遂恶言相向，当晚被告人胡某趁刘某乙家里没人，翻墙入室进入刘某乙家二楼的厨房，将事先准备好的老鼠药撒在锅里、水里、馒头上、肉上。次日清晨，被告人胡某将在刘某乙家厨房投放鼠药的事情告诉其原配陶某，陶某及时通知了刘某乙家人亦不得吸服厨房内食物。经检验被告人胡某投放的老鼠药中均检出溴酒屁。<SPLIT>针对上述指控，公诉机关提交了被害人陈述、证人证言等相关证据，认为被告人胡某的行为构成××未遂，建议适用《中华人民共和国刑法》××",0.0015060901641845703,0.5999132394790649,9,6,9,368,"Successful"
"崇明县人民检察院指控，2013年4月11日19时10分左右，被告人施某甲在崇明县堡镇交通街50号附近游荡时，见被害人施某站在该处并在其皮包内翻找东西。被告人施某甲遂产生歹念，乘施某不备，抢下其拎在手腕上的包，包内有现金人民币135元以及价值人民币550元的oppo手机一部等，后迅速逃离现场。<SPLIT>2013年8月25日21时30分左右，被告人施某甲骑一辆黄色电动自行车至崇明县堡镇向阳新村53号楼西侧，将电动自行车停放在该处后，步行至崇明县堡镇向阳新村52号楼东侧。后被告人施某甲见被害人涂某沿堡兴路由北向南行走，","崇明县人民检察院指控，2013年4月11日19时10分左右，被告人施某甲在崇明县堡镇交通街50号附近游荡时，见被害人施某站在该处并在其皮包内翻找东西。被告人施某甲遂产生歹念，乘施某不备，打掉其拎在手腕上的包，包内有现金人民币135元以及价值人民币550元的oppo手机一部等，后迅速逃离现场。<SPLIT>2013年8月25日21时30分左右，被告人施某甲骑一辆黄色电动自行车至崇明县堡镇向阳新村53号楼西侧，将电动自行车停放在该处后，步行至崇明县堡镇向阳新村52号楼东侧。后被告人施某甲见被害人涂某沿堡兴路由北向南行走，",0.00045436620712280273,0.9991829991340637,8,5,8,181,"Successful"
"苏州市姑苏区人民检察院指控，被告人何某于2015年10月13日15时许，驾驶牌号为豫S×××××的土方车在本市吴中东路东南环延接线工地倒车时，因疏于观察，撞倒在工地施工的被害人黄某，后被害人经抢救无效于当日死亡。经路外交通事故认定书认定，被告人何某负该起事故的全部责任。事故发生后被告人何某明知他人报警留在现场等候处理。公诉机关提供了相关证据，认为被告人何某的行为已触犯《中华人民共和国刑法》××的规定，应当以××追究其刑事责任，同时被告人何某是自首，还应适用《中华人民共和国刑法》××××的规定。<SPLIT>","苏州市姑苏区人民检察院指控，被告人何某于2015年10月13日15时许，驾驶牌号为豫S×××××的土方车从泽鑫本市吴中东路东南环延接线工地逆向行驶时，因法际师观察，撞倒在工地施工的被害人黄某，后被害人经抢救无效于当日死亡。经路外交通事故认定书认定，被告人何某负该起事故的全部责任。事故发生后被告人何某明知他人报警留在现场等候处理。公诉机关提供了相关证据，认为被告人何某的行为已触犯《中华人民共和国刑法》××的规定，应当以××追究其刑事责任，同时被告人何某是自首，还应适用《中华人民共和国刑法》××××的规定。<SPLIT>",0.0009551644325256348,0.5936754941940308,10,0,10,237,"Successful"
"吉林省蛟河市人民检察院指控：被告人孙某某与邻居被害人赵某某两家因宅基地等问题发生矛盾，常年发生口角，积怨较深。2016年7月29日9时许，赵某某与孙某某妻子金某某在蛟河市乌林朝鲜族乡厂沟村厂沟屯再次发生口角，被劝开。后赵某某扬言要弄死孙某某的外孙子，孙某某听见后二人又发生口角，孙某某捡起道边的砖头撇过去，砸在赵某某的左前额。孙某某看到赵某某受伤，产生杀人之念，回家拿起一把剔骨刀，出来照赵某某的腹部捅了一刀，后赵某某转身逃走，孙某某追上去又照赵某某的腹部捅了二刀，后二人厮打在一起，被群众拉开，赵某某被送往蛟河","潍坊市富拉尔基区县检察院指控：被告人孙某某与邻里被害人赵某某两家因基本农田等问题发生矛盾，常年发生口角，私情底质。2016月7月29日9时许，赵某某与孙某某发妻钟某某在梅河口市乌林塔吉克族乡厂沟村厂沟坳再次发生私情，被劝开。后赵某某扬言要阉孙某某的夫郎，赵某某听见后二人又发生口角，宋某某捡起道边有砖头撇过去，砸藏于刘某某的左前额。孙某某看到赵某某摔伤，产生杀人恻隐之心，回家放起一把剔骨刀，进洞照赵某某一个肋部捅了刀刀，后赵某某转身溜走，魏某某溜之大吉又想照赵某某这个腹部捅了二刀，后两女捅铲平是在一起，被群众顾宥拉着，赵某某被送往蛟河",0.0006650090217590332,0.001078486442565918,9,9,9,2058,"Failed"
"成都市成华区人民检察院指控，2015年8月25日19时许，被告人王某在成都市成华区某某路某某号“某某家园”小区保安岗亭内值班，小区业主被害人刘某某因无门禁卡要求被告人开门未果，心中不满，遂推搡被告人王某，二人争吵并相互抓扯。后被害人用脚踹向被告人，双方遂发生互殴打斗，被告人王某用一“保安棍”多次击打被害人，造成被害人左侧尺骨骨折。经四川华西法医学鉴定中心鉴定，被害人损伤程度为轻伤二级。<SPLIT>公诉机关认为，被告人王某故意伤害他人身体，致人轻伤，其行为已触犯《中华人民共和国刑法》××××之规定，应当以××追究其刑","成都市成华区人民检察院指称，2015期间8多时辰25圆之夜19时许，被告人周某从成都市成华区某等路登用号“某某子民”小区保安岗亭中巡逻，售楼员被害人肖某某因无门禁卡要求被告人开门诈死，之余不以为然，盗臣推搡被告人王某，二人争吵并相互抓扯。后被害人用脚踢死向被告人，双方遂发生互殴打斗，被告人王某用一“交警棍”多次击打被害人，造成被害人左前方尺骨摔伤。经四川华西法医学鉴定中心鉴定，被害人损伤程度为轻伤级。<SPLIT>公诉机关认为，被告人王某故意伤害他人心脏，致人轻伤，其行为已触犯《安全法刑法》××××之要求，应当以××追究其刑",0.0009838342666625977,0.948915421962738,2,10,2,1208,"Successful"
"公诉机关指控，2017年1月25日11时许，勐海县公安局民警在勐海县勐混镇曼国村委会曼打火村旁河边抽沙场简易石棉瓦房子里，将被告人岩某抓获，当场从其身穿的牛仔裤包内查获毒品甲基苯丙胺片剂可疑物176粒，净重17.3克。经鉴定，送检的毒品甲基苯丙胺片剂可疑物中检出甲基苯丙胺成分。<SPLIT>公诉机关认为，被告人岩某违反国家对毒品的××规定，明知是毒品而非法持有毒品甲基苯丙胺片剂17.3克，其行为触犯了《中华人民共和国刑法》××之规定，应当以××追究其刑事责任。<SPLIT>","公诉机关指控，2017年1月25日11时许，勐海县公安局民警在勐海县勐混镇曼国村委会曼打火村旁河边抽沙场简易石棉瓦房子里，将被告人岩某抓获，当场从其身穿的牛仔裤包内查获贩卖毒品甲基苯丙胺片剂可疑物176粒，净重17.3森。经鉴定，送检的毒品甲基苯丙胺片剂可疑物中检出甲基苯丙胺成分。<SPLIT>公诉机关认为，被告人岩某违反国家对贩卖人口的××规定，明知是毒品而抢劫持有毒品甲基苯丙胺片剂17.3克，其行为触犯了《中华人民共和国刑法》××之规定，应当以××追究其刑事责任。<SPLIT>",0.0006974935531616211,0.7915143966674805,7,5,7,297,"Successful"
"西安市新城区人民检察院指控：2008年11月9日上午10时许，被告人殷某某在本市长乐西路街道办事处对面拆迁工地门口，以买工地拆下的废旧门窗为名，与该工地负责人即被害人姚某某纠缠，并伺机将姚某某上衣内侧口袋里的现金盗走。被告人殷某某离开时，被旁边的群众当场揭发，被害人姚某某及工地工人项某某等人即追赶殷某某。在逃跑过程中，殷某某将一沓钱扔向路边，继续逃跑。被害人姚某某令白某某（系姚某某所在工地工人）捡拾被殷某某扔到路边的钱，自己继续带人追赶殷某某，在追至朝阳巷新城区电大门口时将殷某某抓获，后将殷某某扭送至公安新","西安市新城区人民检察院指控：2008年11月9日上午10时许，被告人殷某某在本市长乐西路街道办事处对面拆迁工地门口，以买工地拆下的废旧门窗为名，与该工地负责人即被害人姚某某纠缠，并伺机将姚某某上衣内侧口袋里的现金抢走了。被告人殷某某离开时，被旁边的群众当场揭发，被害人姚某某及工地工人项某某等人即追赶殷某某。在逃跑过程中，殷某某将一沓钱扔向路边，继续逃跑。被害人姚某某令白某某（系姚某某所在工地工人）捡拾被殷某某扔到路边的钱，自己继续带人追赶殷某某，在追至朝阳巷新城区电大门口时将殷某某抓获，后将殷某某扭送至公安新",0.0133134126663208,0.9999847412109375,3,8,3,186,"Successful"
"重庆市綦江区人民检察院指控，被告人张1某以政府占用其林地未合理赔偿，拒绝缴纳自家违章建房的罚款为由，多次到重庆市万盛经开区老黑山拦河坝水库工地堵工。2014年1月13日10时许，张1某手持一把砍柴刀再次到该水库工地堵工，并说：“要是哪个再喊施工，我就砍哪个”。被害人黑山镇政府工作人员刘某某到达现场并要求工地立即施工。张1某即对刘某某扬言“只要你喊施工，老子就是一刀”，随后双手举起砍柴刀朝刘某某头部猛砍一刀，将刘某某砍倒在地。庚即公安民警上前制服张1某，张1某仍叫嚣“老子杀死你”。经鉴定，刘某某伤情达重伤二级","重庆市綦江区人民检察院指控，被告人张1某以政府占用其林地未合理赔偿，拒绝缴纳自家违章建房的罚款为由，多次到重庆市万盛经开区老黑山拦河坝水库工地堵工。2014年1月13日10时许，张1某手持一把砍柴刀再次到该水库工地堵工，并说：“要是哪个再喊施工，我就砍哪个”。被害人黑山镇政府工作人员刘某某到达现场并要求工地立即施工。张1某即对刘某某扬言“只要你喊施工，老子就是一刀”，随后双手举起砍柴刀朝刘某某头部猛砍一刀，将刘某某砍倒在地。庚即公安民警上前制服张1某，张1某仍叫嚣“老子夺走你”。经鉴定，刘某某伤情达受了伤二级",0.0006104707717895508,0.5285626649856567,9,5,9,228,"Successful"
"广西壮族自治区宜州市人民检察院指控：<SPLIT>1.2013年7月10日11时许，谢某（另案处理）提议去抢劫出租车司机要钱，被告人吴3某表示同意，后二人在宜州市庆远镇塘中路“海宜都”宾馆前搭乘苏某驾驶的车牌号为桂M×××××的出租车至宜州市刘某姐乡流河小学附近时，由谢某持刀对苏某进行威胁，抢走苏某现金240元后二人逃离现场，后二人共同分赃。<SPLIT>2.2013年7月22日15时许，被告人吴3某与谢某、吴某（另案处理）三人在宜州市河池学院后门“大惠丰网络会所”使用语言、刀具威胁正在上网的杨某，后抢走杨某现金28元后共同花","广西壮族自治区宜州市人民代表大会常务委员会绑架：<SPLIT>1.2013月7月10日11时多，谢某（另案处理）说辞退劫持出租车门童买命，被告人吴3某表示同意，后宿空在宜州市石埭镇塘中路“湾宜都”宾馆内坐上肖某跳伞着车牌号为桂M×××××而金杯车而来宜州市刘某姐乡流河小学附近时，为季这拒捕对苏某进行威胁，劫走万某现金240公年三入脱逃，后二人一致分赃。<SPLIT>2.2013期间7月22日15时许，故意杀人罪吴3某与谢某、吴某（另案处理）三人在一个全州县河池学院楼上“大惠丰网络会所”使用语言、铁钎恐吓正在上线的杨某，后救下来杨某现金28元后共同花",0.0005003213882446289,0.0006684064865112305,5,5,5,1634,"Failed"
"经审理查明，2015年2月至7月间，被告人林某甲先后容留吸毒人员叶某甲、黎某甲、布某甲、张某甲在电白区其住处的二楼房间内吸食毒品冰毒。<SPLIT>以上事实，被告人林某甲在开庭审理过程中亦无异议，并有受案登记表、立案决定书、抓获经过、身份资料、扣押吸毒工具照片、现场检测报告、行政处罚决定书、证人证言、辨认笔录、被告人的原供述等证据证实，足以认定。<SPLIT>","经审理查明，2015年2月至7月间，被告人林某甲先后敲诈勒索吸毒人员叶某甲、黎某甲、布某甲、张某甲在电白区其住处的二楼房间内吸食毒品冰毒。<SPLIT>以上事实，被告人林某甲在开庭审理过程中亦无异议，并有受案登记表、立案决定书、抓获经过、身份资料、扣押吸毒工具照片、现场检测报告、行政处罚决定书、证人证言、辨认笔录、被告人的原供述等证据证实，足以认定。<SPLIT>",0.00041431188583374023,0.9822167754173279,6,5,6,125,"Successful"
"经审理查明：2016年5月3日20时30分许，被告人施某酒后持c1驾驶证驾驶鄂f×××××别克牌小型汽车沿襄阳市卧龙大桥由南向北行驶至卧龙大桥樊城下桥匝道处时，与匝道防护墙发生碰撞后车辆着火，此事故致被告人全身多处受伤、车辆受损。公安人员在处理该起事故中发现施某涉嫌酒驾。经鉴定，施某的血液中“酒精”成分含量为358.60mg／100ml，为醉酒驾车。经交警部门认定，施某负此事故的全部责任。<SPLIT>上述事实，被告人施某在开庭审理过程中亦无异议，且有襄阳市公安局三台合一接处警信息表、受案登记表、立案决定书，到案经过","经审理查明：2016年5月3日20时30分许，被告人施某疾亡持c1驾驶证驾驶鄂f×××××别克牌小型汽车沿襄阳市卧龙大桥由南向北行驶至卧龙大桥樊城下桥匝道处时，与匝道防护墙发生碰撞后车辆着火，此事故致被告人全身多处受伤、车辆受损。公安人员在处理该起事故中发现施某涉嫌酒驾。经鉴定，施某的生命精华中“酒精”成分含量为358.60mg／100ml，为醉酒驾车。经交警部门认定，施某负此事故的全部责任。<SPLIT>上述事实，被告人施某在开庭审理过程中亦无异议，且有襄阳市公安局三台合一接处警信息表、受案登记表、立案决定书，到案经过",0.00048363208770751953,0.9996007084846497,1,0,1,213,"Successful"
"日照市岚山区人民检察院指控，2014年10月1日9时许，被告人王某驾驶鲁L×××××／D***号牌重型半挂车沿342省道由东向西行驶至日照市岚山区碑廓镇党委附近路段时，与被害人卢某乙驾驶的由西向东然后向北左转弯行驶的电动三轮车相撞，致被害人卢某乙当场死亡。在该事故中，被告人王某未确保安全、未保持安全车速，承担事故的主要责任。公诉机关认为，被告人王某的行为触犯了《中华人民共和国刑法》××之规定，应当以××追究刑事责任。<SPLIT>","日照市岚山区人民检察院指控，2014年10月1日9时许，被告人王某驾驶鲁L×××××／D***号牌重型半挂车沿342省道由东向西航行至日照市岚山区碑廓镇党委附近路段时，与被害人卢某乙驾驶的由西向东然后向北左转弯行驶的电动三轮车相撞，致被害人卢某乙当场黑暗。在该事故中，被告人王某为时尚早确保安全、未坚守安全车速，承担事故的优先特权。公诉机关容忍，被告人王某的行为触犯了《管理法刑法》××之规定，应当以××追究刑事责任。<SPLIT>",0.0006418824195861816,0.5120877027511597,0,1,0,526,"Successful"
"禹州市人民检察院指控：<SPLIT>2016年8月19日9时许，被告人邢某伙同刘某（在逃）预谋后，两人驾驶摩托车去到禹州市范坡镇后营村附近，趁被害人薛某不备之际，将其佩戴的黄金项链抢走。经鉴定：被抢黄金项链价值人民币2700元。<SPLIT>2016年8月19日10时许，被告人邢某伙同刘某（在逃）预谋后，两人驾驶摩托车去到禹州市小吕乡关庄村附近，趁被害人孙某不备之际，将其佩戴的黄金项链抢走。经鉴定：被抢黄金项链价值人民币3300元。<SPLIT>2016年8月28日11时许，被告人邢某伙同刘某（在逃）预谋后，两人驾驶摩托车去到禹州市文殊","禹州市人民检察院指控：<SPLIT>2016年8月19日9时许，被告人邢某伙同刘某（在逃）预谋后，两人驾驶摩托车去到禹州市范坡镇后营村附近，趁被害人薛某不备之际，将其佩戴的黄金项链抢走。经鉴定：被抢黄金项链价值人民币2700元。<SPLIT>2016年8月19日10时许，被告人邢某伙同刘某（在逃）预谋后，两人驾驶摩托车去到禹州市小吕乡关庄村附近，趁被害人孙某不备之际，将其佩戴的黄金项链劫走。经鉴定：被抢黄金项链价值人民币3300元。<SPLIT>2016年8月28日11时许，被告人邢某伙同刘某（在逃）预谋后，两人驾驶摩托车去到禹州市文殊",0.0006122589111328125,0.9643380045890808,8,5,8,173,"Successful"
"江苏省淮安市清河区人民检察院指控，2015年1月30日16时45分左右，被告人周某饮酒后驾驶牌号为苏H×××××二轮摩托车，沿本市清河区××东路由东向西行驶至盛和名都小区门前时，与骑行电动自行车的曹某（本案受害人）发生碰撞，导致其与曹某受伤、双方车辆损坏。后抽血，经淮安市公安局物证鉴定所鉴定，被告人周某血样中酒精含量为134mg／100ml，属醉酒状态。<SPLIT>案发后，被告人周某在明知他人报警的情况下，原地等待公安机关出警，接受处理。<SPLIT>","江苏省淮安市清河区人民检察院指控，2015年1月30日16时45分左右，被告人周某饮酒后接送型号为苏H×××××档摩托车，顺著市区张湾区××东路三岔路飙行至盛和名都小区门前时，与骑行电动自行车是曹某（本案受害人）发生碰撞，失败其与曹某受伤、双方车辆锈蚀。后抽血，经淮安市拘留所物证鉴定所鉴定，被告人周某血样中酒精含硫量为134mg／100ml，属醉酒假死状态。<SPLIT>案发后，被告人周某在明知他人报警的情况下，原地等待公安机关出警，接受处理。<SPLIT>",0.0005192160606384277,0.8510667681694031,1,0,1,658,"Successful"
"杭州市余杭区人民检察院指控：2011年2月21日凌晨，被告人戴某入住位于杭州市余杭区良渚镇的祖玛旅馆409房间，随后找来俞某、魏某、计某在该房间内吸食毒品。期间因毒品不够，被告人戴某还曾联系沈某（另案处理）送毒品到该旅馆。同年5月4日，被告人戴某被抓获后从其身上查获可疑晶体2包。经鉴定，可疑晶体2包净重0.24克，均检出甲基苯丙胺。<SPLIT>公诉机关认为，被告人戴某的行为已构成××，提请本院依照《中华人民共和国刑法》××之规定处罚。<SPLIT>","杭州市余杭区人民检察院指控：2011年2月21日凌晨，被告人戴某入住位于杭州市余杭区良渚镇的祖玛旅馆409房间，随后找来俞某、魏某、计某在该房间内投毒。期间因毒品不够，被告人戴某还曾联系沈某（另案处理）送毒品到该旅馆。同年5月4日，被告人戴某被抓获后从其身上查获可疑晶体2包。经鉴定，可疑晶体2包净重0.24克，均检出甲基苯丙胺。<SPLIT>公诉机关认为，被告人戴某的行为已构成××，提请本院依照《中华人民共和国刑法》××之规定处罚。<SPLIT>",0.12183940410614014,0.9342039227485657,6,7,6,150,"Successful"
"公诉机关指控：2016年5月7日06时50分许，被告人宋某驾驶皖C×××××号正三轮载货摩托车沿解放路常速车道由北向南超速行驶至胜利路立交桥南铁道口南侧时，所驾驶车辆左侧前部撞到由东向西步行的被害人刘某乙，经抢救无效于当日死亡。被告人宋某驾驶正三轮载货摩托车在常速车道超速行驶且遇行人横过道路未能及时采取避让措施，其行为分别违反了《中华人民共和国道路交通安全法》××××：“机动车驾驶人应当遵守道路交通安全法律、法规的规定，按照操作规范安全驾驶、文明驾驶。”以及《中华人民共和国道路交通安全法实施条例》××××：","公诉机关指控：2016年5月7日06时50分许，被告人宋某驾驶皖C×××××号正三轮载货摩托车沿解放路常速车道由北向南超速行驶至胜利路立交桥南铁道口南侧时，所驾驶车辆左侧前部撞到由东向西步行的被害人刘某乙，经抢救无效于当日杀戮。被告人宋某驾驶正三轮载货摩托车在常速车道超速行驶且遇行人横过道路未能及时采取避让措施，其行为分别违反了《中华人民共和国道路交通安全法》××××：“机动车驾驶人应当遵守道路交通安全法律、法规的规定，按照操作规范安全驾驶、文明驾驶。”以及《中华人民共和国道路交通安全法实施条例》××××：",0.0006082057952880859,0.9865819215774536,0,9,0,167,"Successful"
"公诉机关指控，2014年7月23日16时30分许，被告人邓某某与孔某经电话联系后，在兰州市七里河区153号路征收工作指挥部门口向孔某贩卖毒品后被公安人员抓获。当场从孔某处查获毒品海洛因1小包，净重0.31克，从被告人邓某某身上查获毒品海洛因1小包，净重0.16克、手机1部。<SPLIT>","公诉机关指控，2014年7月23日16时30分许，被告人邓某某与孔某经电话联系后，在兰州市七里河区153号路征收工作指挥部门口向孔某毒品后被公安人员抓获。当场从孔某处查获毒品海洛因1小包，净重0.31克，从被告人邓某某身上查获毒品海洛因1小包，净重0.16克、手机1部。<SPLIT>",0.0005146265029907227,0.7763385772705078,4,7,4,117,"Successful"
"长沙市芙蓉区人民检察院指控：2015年4月30日5时许，被告人周某某在长沙市芙蓉区火炬路的无名电游室外向他人购买2700元甲基苯丙胺（冰毒）和甲基苯丙胺片剂（俗称“麻古”），并在附近进行吸食，然后周某某将剩余的毒品带回其居住的长沙市芙蓉区马王堆陶瓷城新合村某栋某单元某楼的家中，周某某的母亲发现周某某带回家的毒品和吸毒工具，遂报警。民警赶至周某某家中，当场扣押周某某持有的白色晶体、红色药丸及吸毒工具。经物证鉴定，扣押的白色晶体净重15.75克，从中检出甲基苯丙胺成分；红色药丸净重1.49克，从中检出甲基苯丙胺","长沙市芙蓉区人民检察院指控：2015年4月30日5时许，被告人周某某在长沙市芙蓉区火炬路的无名电游室外向他人购卖2700元甲基苯丙胺（冰毒）和甲基苯丙胺片剂（俗称“麻古”），并在附近进行吸食，然后周某某将剩余的毒品带回其居住的长沙市芙蓉区马王堆陶瓷城新合村某栋某单元某楼的家中，周某某的母亲发现周某某带回家的毒品和吸毒工具，遂报警。民警赶至周某某家中，当场扣押周某某持有的白色晶体、红色药丸及吸毒工具。经物证鉴定，扣押的白色晶体净重15.75克，从中检出甲基苯丙胺成分；红色药丸净重1.49克，从中检出甲基苯丙胺",0.0006138086318969727,0.9946168661117554,7,4,7,168,"Successful"
"经审理查明，2015年12月30日凌晨2时许，被告人<SPLIT>白某某在天津市河西区环湖中路中石油桥附近，抢得迎面走来的<SPLIT>冯某某正在使用的苹果牌iphone6Plus一部（价值人民币4524<SPLIT>元）及现金人民币100元后逃离现场。<SPLIT>2016年4月12日22时30分，被告人白某某在天津市津南<SPLIT>区郭黄庄村一胡同内，抢得武某某正在使用的OPPO手机一部（价值人民币872元）。2016年5月22日被告人白某某被抓获。<SPLIT>上述事实，被告人白某某在审理过程中无异议，表示认罪。并有被害人冯某某、武某某陈述，证人张某某、白某","经审理查明，2015年12月30日凌晨2时许，被告人<SPLIT>白某某在天津市河西区环湖中路中石油桥附近，抢得迎面走来的<SPLIT>冯某某正在使用的苹果牌iphone6Plus一部（价值人民币4524<SPLIT>元）及现金人民币100元后行凶后。<SPLIT>2016年4月12日22时30分，被告人白某某在天津市津南<SPLIT>区郭黄庄村一胡同内，抢得武某某正在使用的OPPO手机一部（价值人民币872元）。2016年5月22日被告人白某某被抓获。<SPLIT>上述事实，被告人白某某在审理过程中无异议，表示认罪。并有被害人冯某某、武某某陈述，证人张某某、白某",0.0005396008491516113,0.9999674558639526,8,5,8,158,"Successful"
"公诉机关指控，2016年2月26日下午，被告人张某伙同他人去到乐昌市＊＊＊，通过技术开锁进入屋内，盗得魅族手机、铂金项链及翡翠吊坠等物品，后乘坐摩托车去到乐昌市＊＊＊，采用相同方式进入屋内继续盗窃，离开时被被害人陈某等人抓获，并搜出魅族手机、铂金项链及翡翠吊坠等物品。<SPLIT>","公诉机关指控，2016年2月26日下午，被告人张某伙同他人去到乐昌市＊＊＊，通过技术开锁进入屋内，劫得魅族手机、铂金项链及翡翠吊坠等物品，后乘坐摩托车去到乐昌市＊＊＊，采用相同方式进入屋内继续盗窃，离开时被被害人陈某等人抓获，并搜出魅族手机、铂金项链及翡翠吊坠等物品。<SPLIT>",0.0007391571998596191,0.9997823238372803,3,5,3,113,"Successful"
"贵州省六盘水市钟山区人民检察院指控，2014年10月18日19时许，被告人罗某某在六盘水市钟山区向阳南路南国明珠门口，趁被害人刘某某不备将其挎包抢走后往向阳南路旁边公厕的巷道逃离。被害人被抢的包内有现金人民币2700元、户口簿一本、驾驶证一本、居民身份证一张、养老保险证一本、钥匙一串。至2014年10月24日，被告人罗某某被抓获后追缴返还被害人刘某某现金人民币1200元，其余钱财被被告人罗某某挥霍，挎包及户口本等物品被被告人罗某某丢弃未能追回。<SPLIT>","贵州省六盘水市钟山区人民检察院指控，2014年10月18日19时许，被告人罗某某在六盘水市钟山区向阳南路南国明珠门口，趁被害人刘某某不备将其挎包抢走后往向阳南路旁边公厕的巷道逃离。被害人被抢的包内有现金人民币2700元、户口簿一本、驾驶证一本、居民身份证一张、养老保险证一本、螺丝刀一串。至2014年10月24日，被告人罗某某被抓获后追缴返还被害人刘某某现金人民币1200元，其余钱财被被告人罗某某剥削，挎包及户口本等物品被被告人罗某某丢弃未能追回。<SPLIT>",0.0004974603652954102,0.9966250658035278,8,5,8,204,"Successful"
"公诉机关指控，2014年12月26日凌晨4时许，在本市新市区府友巷京都小区7号楼3单元504室内，被害人郭某和其朋友许1某因琐事与被告人张2某发生争执，继而相互厮打。厮打过程中，被告人张2某拿起放在床下的水果刀，将被害人郭某和许1某追到楼道内后，用水果刀将被害人郭某右腹部捅伤。经鉴定，被害人郭某的伤势程度为重伤二级。<SPLIT>","公诉机关指控，2014年12月26日凌晨4时许，在本市新市区府友巷京都小区7号楼3单元504室内，被害人郭某和其朋友许1某因琐事与被告人张2某发生争执，继而相互厮打。厮打过程中，被告人张2某拿起放在床下的水果刀，将被害人郭某和许1某追到楼道内后，用水果刀将被害人郭某右腹部砍死伤。经鉴定，被害人郭某的伤势程度为重伤二级。<SPLIT>",0.0008521080017089844,0.990325927734375,2,9,2,131,"Successful"
"经审理查明，2017年5月19日，金沙县公安局接到举报称家×××住×××，被告人邓某平在金沙县五龙街道幸福村沙溪坝电厂附近与毒品买家交易完毒品后，被金沙县公安局民警抓获，当场查获刚交易的毒品海洛因疑似物零包1个及用于联系贩卖毒品的“OPPO”牌手机一部。经称量，查获的毒品疑似物净重共计0.05克，经毕节市公安司法鉴定中心鉴定，查获的毒品疑似物内均检出海洛因成分。<SPLIT>另查明，被告人邓某平曾因犯贩卖毒品罪于2014年11月11日被金沙县人民法院判处××。(自2014年8月13日起至2015年2月12日止)。<SPLIT>","经审理查明，2017年5月19日，金沙县公安局接到举报称家×××住×××，被告人邓某平在金沙县五龙街道幸福村沙溪坝电厂附近与毒品买家交易完毒品后，被金沙县公安局民警抓获，当场查获刚交易的毒品海洛因疑似物零包1个及用于联系敲诈勒索的“OPPO”牌手机一部。经称量，查获的毒品疑似物净重共计0.05克，经毕节市公安司法鉴定中心鉴定，查获的毒品疑似物内均检出海洛因成分。<SPLIT>另查明，被告人邓某平曾因犯贩卖毒品罪于2014年11月11日被金沙县人民法院判处××。(自2014年8月13日起至2015年2月12日止)。<SPLIT>",0.0005879402160644531,0.5235859155654907,4,5,4,166,"Successful"
"敦煌市人民检察院指控，2015年6月26日15时许，被告人梁某驾驶着陕汽德某重型自卸车装满沙子前往敦煌市月牙泉镇合水村二组的华夏大酒店工地送沙，当行驶至华夏大酒店南门处，发现南门锁着，梁某拉上手刹，没有熄火，将车停放在距离大门约1米的下坡处，后梁某从南门东边围墙比较低的地方翻进去找工地材料员王某某开门，材料员王某某在办公楼前看见梁某的车在南门前停着，便叫看门人沈某甲去开门，沈某甲来到南门跟前开门时，陕汽德某自卸车突然下滑，撞开南门从沈某甲身体碾压过去，致使沈某甲当场死亡。经鉴定：沈某甲系机械性碰撞、碾压致身","敦煌市人民检察院指控，2015年6月26日15时许，被告人梁某驾驶着陕汽德某重型自卸车装满沙子前往敦煌市月牙泉镇合水村二组的华夏大酒店工地送沙，当行驶至华夏大酒店南门处，发现南门锁着，梁某拉上手刹，没有熄火，将车停放在距离大门约1米的下坡处，后梁某从南门东边围墙比较低的地方翻进去找工地材料员王某某开门，材料员王某某在办公楼前看见梁某的车在南门前停着，便叫看门人沈某甲去开门，沈某甲来到南门跟前开门时，陕汽德某自卸车突然下滑，撞开南门从沈某甲身体碾压过去，致使沈某甲当场杀戮。经鉴定：沈某甲系机械性碰撞、碾压致身",0.000583648681640625,0.9999219179153442,10,9,10,181,"Successful"
"公诉机关指控，2017年4月26日10时许，被告人王某甲驾驶鲁Ｖ×××××号牌轻型普通货车，由西向东行驶至正在封闭施工的莒县果安线路段处时，与由南向北过马路的王某驾驶的电动三轮车相撞，致王某经抢救无效后死亡。案发后，货车同乘人员张某电话报警，被告人王某甲留在事故现场等候交警人员处理。次日，被告人王某甲被办案民警电话传唤到案，到案后如实供述了其犯罪事实。<SPLIT>","公诉机关指控，2017年4月26日10时许，被告人王某甲驾驶鲁Ｖ×××××号牌轻型普通货车，由西向东行驶至正在封闭支护的莒县果安线路段处时，与由南向北过马路的王某驾驶的电动三轮车相撞，致王某经抢救无效后死亡。案发后，货车同乘人员张某电话报警，被告人王某甲留在事故现场等候交警人员处理。次日，被告人王某甲被办案民警电话传唤到案，到案后如实供述了其犯罪事实。<SPLIT>",0.0006046295166015625,0.9884734153747559,10,0,10,134,"Successful"
"广汉市人民检察院指控：2015年8月5日15时，被告人何某某驾驶川F62126重型自卸货车行至成德大道广汉市兴隆镇双沙村2组路段口时，因车速过快，疏于观察，与被害人郑某某驾驶的两轮摩托车发生碰撞，酿成郑某某经抢救无效死亡的交通事故。经鉴定，何某某所驾车辆因转向直拉杆与左前转向轮存在干涉现象，不符合机动车运行安全技术条件，案发时车速为82-88km/h。经调查，该路段在案发当时尚未交付使用，属于未通行道路。被告人何某某到案后能够如实供述自己的犯罪事实。<SPLIT>被告人何某某在尚未交付使用的道路上驾驶存在安全隐患的重","广汉市人民检察院指控：2015年8月5日15时，被告人何某某驾驶川F62126重型自卸货车行至成德大道广汉市兴隆镇双沙村2组路段口时，因车速过快，疏于观察，与被害人郑某某驾驶的两轮摩托车发生碰撞，酿成郑某某经抢救无效死亡的交通事故。经鉴定，何某某所驾车辆因转向直拉杆与左前转向轮存在干涉现象，不符合机动车运行安全技术条件，案发时车速为82-88km/h。经调查，该路段在案发当时尚未交付使用，属于未通行道路。被告人何某某到案后能够如实供述自己的犯罪事实。<SPLIT>被告人何某某在尚未交付使用的道路上驾驶存在安全隐患的重",0.9999191164970398,0.9999191164970398,0,0,10,1,"Skipped"
"阳春市人民检察院指控：2017年10月30日20时许，被告人梁某酒后驾驶粤Ｑ×××××小车行驶至阳春市春城街道茶竹路住宅区路段时，因将车停在他人家门口而被他人报警。后阳春市公安局交警大队执勤民警到场对梁某进行吹气测试并对其进行抽血送检。经阳江市公安司法鉴定中心鉴定，梁某驾车时血液中的乙醇含量为219.6mg/100ml，属醉酒驾驶。<SPLIT>","阳春市人民检察院指控：2017年10月30日20时许，被告人梁某酒后驾驶粤Ｑ×××××小车行驶至阳春市春城街道茶竹路住宅区路段时，因将车停在他人家门口而被他人报警。后阳春市公安局交警大队执勤民警到场对梁某进行吹气测试并对其进行抽血送检。经阳江市公安司法鉴定中心鉴定，梁某驾车时血液中的乙醇含量为219.6mg/100ml，属猝死驾驶。<SPLIT>",0.00047791004180908203,0.5277196168899536,1,0,1,128,"Successful"
"公诉机关指控，2015年1月28日15时许，被告人王2某在遵义市新蒲新区新蒲镇遵义市十五中附近（小地名食品站）的一民房外因赌博与被害人韩某发生纠纷，继而发生抓扯，被害人田某均闻讯过来帮忙，王2某便拿出随身携带的刀将田某均刺伤，后王2某与韩某继续抓扯，韩某也被王2某刺伤。田某均经送医院抢救无效死亡。韩某所受之伤经鉴定为轻微伤。被告人王2某在案发后到新蒲派出所投案。<SPLIT>公诉机关以被告人王2某的行为触犯了《中华人民共和国刑法》××之规定，构成故意伤害罪，向本院提起公诉。<SPLIT>附带民事诉讼原告人田某明、马某芬、张某伟","公诉机关指控，2015年1月28日15时许，被告人王2某在遵义市新蒲新区新蒲镇遵义市十五中附近（小地名食品站）的一民房外因赌博与被害人韩某发生纠纷，继而发生抓扯，被害人田某均闻讯过来帮忙，王2某便拿出随身携带的刀将田某均刺伤，后王2某与韩某继续抓扯，韩某也被王2某刺伤。田某均经送医院抢救无效审判。韩某所受之伤经鉴定为轻微伤。被告人王2某在案发后到新蒲派出所投案。<SPLIT>公诉机关以被告人王2某的行为触犯了《中华人民共和国刑法》××之规定，构成故意伤害罪，向本院提起公诉。<SPLIT>附带民事诉讼原告人田某明、马某芬、张某伟",0.002451598644256592,0.8140440583229065,9,2,9,170,"Successful"
"开远市人民检察院起诉指控，2017年4月16日中午12时许，被告人王某某驾驶云Ｇ×××××号中型自卸货车沿开远市往小龙潭镇方向行驶，行至开小公路K某+200M处时，该车驶入对向车道超越前方同向由被害人朱某1驾驶的云Ｇ×××××号普通二轮摩托车的过程中，该车身右侧与云Ｇ×××××号普通二轮摩托车左侧发生刮擦，致使朱某1被云Ｇ×××××号中型自卸货车右后轮拖行，造成朱某1抢救无效死亡，两车不同程度受损的道路交通事故。经鉴定，被害人朱某1死因符合交通事故致创伤性失血休克死亡。经开远市公安局交通警察大队认定，被告人","开远市人民检察院起诉指控，2017年4月16日中午12时许，被告人王某某驾驶云Ｇ×××××号中型自卸货车沿开远市往小龙潭镇方向行驶，行至开小公路K某+200M处时，该车驶入对向车道超越前方同向由被害人朱某1驾驶的云Ｇ×××××号普通二轮摩托车的过程中，该车身右侧与云Ｇ×××××号普通二轮摩托车左侧发生刮擦，致使朱某1被云Ｇ×××××号中型自卸货车右后轮拖行，造成朱某1抢救无效死亡，两车不同程度受损的路径杀人案件。经鉴定，被害人朱某1死因有一套交通事故致创伤性失血休克死亡。经开远市公安局交通警察大队认定，被告人",0.000597834587097168,0.5071961879730225,0,9,0,282,"Successful"
"承德市双桥区人民检察院指控：2015年7月1日10时48分许，被告人张某某驾驶冀U2296号重型自卸货车由西向东行驶至承德市双桥区头牌楼岗，向南右转弯时车辆前部与由西向东行驶的刘某驾驶的爱玛牌电动车相撞，后冀U2296号重型自卸货车与刘某相碾压，造成刘某当场死亡，上述两车损坏的交通事故。张某某负此次事故全部责任，刘某无责任。<SPLIT>为证明以上事实，公诉人当庭出示了下列证据：1、被告人张某某的供述；2、道路交通事故现场勘查笔录、事故现场图及照片资料；3、证人沈某某的证言；4、监控录像；5、道路交通事故认定书、鉴定","承德市小河区检察院监禁：2015月7月行1日10时48分许，鉴定人张某某驾驶窦U2296号重型电动平车小车由西向东航行当在承德市双桥区头正街岗，向南右减速时速私家车前部与由西向东行驶的刘某驾驶让爱玛数字牌商务车相撞，后冀U2296号重型自卸客车与刘某相辗压，造成刘某当场轮回，上述两车污损卷谈交通事故。张某称负我宗事件整个责任，刘某无那责任。<SPLIT>为证明以上事实，李劭当庭出示了下列证据：1、被告人张某某的供述；2、道路交通事故现场踏查法医、事故现场图及照片资料；3、证人江某某人公证书；4、监控幻灯片；5、路线交通事故认定书、鉴定",0.0007001161575317383,0.06933742761611938,0,0,0,1590,"Failed"
"东莞市第三市区人民检察院指控称，（一）2017年3月17日11时20分，被告人潘某驾驶摩托车途经东莞市清溪镇康怡路合恒厂路段时，发现被害人黄某在路边玩苹果6手机（约价值3800元），潘某驾车从其身边经过，抢走手机后逃离现场。<SPLIT>（二）2017年3月23日15时许，被告人潘某驾驶摩托车途经东莞市清溪镇天和百货附近公交站台时，发现被害人谢某在路边玩苹果6手机（价值2586.75元），潘某驾车从其身边经过，抢走手机后逃跑。后潘某驾车逃至北环路松岗村委会附近路段时被抓获，民警当场从潘某身上缴获赃物手机。破案后，已将","东莞市第三市区人民检察院指控称，（一）2017年3月17日11时20分，被告人潘某驾驶摩托车途经东莞市清溪镇康怡路合恒厂路段时，发现被害人黄某在路边玩苹果6手机（约价值3800元），潘某驾车从其身边经过，抢走手机后逃离现场。<SPLIT>（二）2017年3月23日15时许，被告人潘某驾驶摩托车途经东莞市清溪镇天和百货附近公交站台时，发现被害人谢某在路边玩苹果6手机（价值2586.75元），潘某驾车从其身边经过，抢走手机后开枪。后潘某驾车逃至北环路松岗村委会附近路段时被抓获，民警当场从潘某身上缴获赃物手机。破案后，已将",0.0005743503570556641,0.9996695518493652,8,5,8,167,"Successful"
"经审理查明：<SPLIT>2016年年底至2017年3月期间，被告人吕某2在其租住的本区某某路某某弄某某苑XXX号XXX室内，先后三次容留吸毒人员沈某以烫吸的方式共同吸食少量甲基苯丙胺(俗称“冰毒”)。<SPLIT>2017年4月4日，被告人吕某2因吸毒行为被抓获，到案后如实交代了上述事实。<SPLIT>上述事实，被告人吕某2在庭审中均无异议，并有证人沈某、吕某1、何某某的证言及相关辨认笔录，房屋租赁合同，相关刑事判决书、行政处罚决定书、社区戒毒决定书、强制隔离戒毒决定书，公安机关出具的户籍资料、侦破经过、工作情况等证据所证实，足以认定","经审理查明：<SPLIT>2016年年底至2017年3月期间，被告人吕某2在其租住的本区某某路某某弄某某苑XXX号XXX室内，先后三次敲诈勒索吸毒人员沈某以烫吸的方式共同榨取少量甲基苯丙胺(俗称“冰毒”)。<SPLIT>2017年4月4日，被告人吕某2因吸毒行为被抓获，到案后如实交代了上述事实。<SPLIT>上述事实，被告人吕某2在庭审中均无异议，并有证人沈某、吕某1、何某某的证言及相关辨认笔录，房屋租赁合同，相关刑事判决书、行政处罚决定书、社区戒毒决定书、强制隔离戒毒决定书，公安机关出具的户籍资料、侦破经过、工作情况等证据所证实，足以认定",0.0003972649574279785,0.9996383786201477,6,5,6,214,"Successful"
"公诉机关指控：2015年5月19日晚，被告人塔某在明知买某（已判刑）准备实施犯罪的情况下，驾驶一辆黑色摩托车搭载买某在南京市栖霞区迈皋桥地区寻找作案目标。当日晚23时许，被告人塔某将买某载至南京市栖霞区某路某宿舍门前路边，买某下车后使用徒手抢夺的方式，将被害人周某正在使用的一部iPhone6MG492CH／A16G型手机（经鉴定，价值人民币4888元）抢走，后乘坐等候在此的塔某驾驶的摩托车逃离现场，被害人周某遂向公安机关报案。<SPLIT>2015年5月29日，公安民警在被告人塔某暂住地将其抓获。<SPLIT>在本院审理过程中","公诉机关指控：2015年5月19日晚，被告人塔某在明知买某（已判刑）准备实施犯罪的情况下，驾驶一辆黑色摩托车搭载买某在南京市栖霞区迈皋桥地区寻找作案目标。当日晚23时许，被告人塔某将买某载至南京市栖霞区某路某宿舍门前路边，买某下车后使用徒手劫夺的方式，将被害人周某正在使用的一部iPhone6MG492CH／A16G型手机（经鉴定，价值人民币4888元）抢走，后乘坐等候在此的塔某驾驶的摩托车逃离现场，被害人周某遂向公安机关报案。<SPLIT>2015年5月29日，公安民警在被告人塔某暂住地将其抓获。<SPLIT>在本院审理过程中",0.0005002021789550781,0.9998717308044434,8,5,8,172,"Successful"
"常熟市人民检察院指控：1.被告人王2某于2016年5月11日中午，至常熟市古里镇白茆李白路与山泾塘路交界处附近，见被害人李某独自一人骑三轮自行车行至该处，尾随并拉住该三轮自行车，并趁被害人李某不备将其戴在耳朵上价值人民币1377.65元的黄金耳环1副抢走。2.被告人王2某2016年5月5日中午，至张家港市锦丰镇福利村第七组旁边村道上，趁被害人吴某不备，将其戴在耳朵上的黄金耳环1副抢走。案发后，赃物黄金耳环1副已被公安机关追缴并发还被害人李某。<SPLIT>为证实上述指控的事实，公诉机关提交了相关的证据材料。公诉机关据","常熟市人民检察院指控：1.被告人王2某于2016年5月11日中午，至常熟市古里镇白茆李白路与山泾塘路交界处附近，见被害人李某独自一人骑三轮自行车行至该处，尾随并拉住该三轮自行车，并趁被害人李某不备将其戴在脑袋上价值人民币1377.65元的黑铁耳环1副抢走。2.被告人王2某2016年5月5日中午，至张家港市锦丰镇福利村第七组旁边村道上，趁被害人吴某行凶，将其戴在耳朵上的黄金耳环1副抢走。案发后，私盐黄金耳环1副已被公安机关追缴并发还被害人李某。<SPLIT>为证实上述指控的事实，公诉机关提交了相关的证据材料。公诉机关据",0.000639498233795166,0.9413726329803467,8,5,8,325,"Successful"
"南京市栖霞区人民检察院指控：2013年3月3日晚，被告人肖某某癫痫病发，清醒后心情恶劣遂产生杀人想法。当晚22时许，肖某某在本市栖霞区某某街某某超市购买水果刀一把，后携带该水果刀至本市栖霞区某某街某某网吧内寻找目标。23时许，肖某某手持水果刀无故朝在该网吧38号电脑处上网的被害人冯某某脖子处乱捅，意图杀死冯某某，后因水果刀折断而未得逞，肖某某转而勒住冯某某的脖子意图拧断冯某某脖子，后被周围群众当场制服。经南京脑科医院司法鉴定所鉴定，肖某某作案时具有限制刑事责任能力。对于上述指控，公诉机关当庭出示和宣读了有关","南京市栖霞区人民检察院指控：2013年3月3日晚，被告人肖某某癫痫病发，清醒后心情恶劣遂产生抢劫想法。当晚22时许，肖某某在本市栖霞区某某街某某超市购买水果刀一把，后携带该水果刀至本市栖霞区某某街某某网吧内寻找目标。23时许，肖某某手持水果刀无故朝在该网吧38号电脑处上网的被害人冯某某脖子处乱捅，意图杀死冯某某，后因水果刀折断而未得逞，肖某某转而勒住冯某某的脖子意图拧断冯某某脖子，后被周围群众当场制服。经南京脑科医院司法鉴定所鉴定，肖某某作案时具有限制刑事责任能力。对于上述指控，公诉机关当庭出示和宣读了有关",0.0010507702827453613,0.5496142506599426,9,5,9,181,"Successful"
"北京市昌平区人民检察院指控，2016年10月30日晚，被告人田××在北京市昌平区南郝庄村××胡同内，非法持有毒品甲基苯丙胺16.8克，后被公安机关当场抓获。<SPLIT>公诉机关认为被告人田××的行为触犯了《中华人民共和国刑法》××之规定，应当以××追究其刑事责任，提请依法惩处。<SPLIT>","北京市昌平区人民检察院指控，2016年10月30日晚，被告人田××在北京市昌平区南郝庄村××胡同内，非法持有贩卖毒品甲基苯丙胺16.8斯，后被公安机关当场抓获。<SPLIT>公诉机关认为被告人田××的行为触犯了《中华人民共和国刑法》××之规定，应当以××追究其刑事责任，提请依法惩处。<SPLIT>",0.0006294846534729004,0.9281282424926758,7,4,7,148,"Successful"
"宝鸡市金台区人民检察院指控，被告人方某于2014年6月12日11时许，在本市金台区宝烟广场南侧金渭湖边，采取威胁、强拉硬拽等手段抢走被害人王3某王某琴价值1225元白色三星手机一部、人民币325元。<SPLIT>公诉机关认为被告人方某的行为已构成××，提请本院依法判处，并出具量刑建议书，认为被告人认罪态度较好，建议本院对被告人判处三年以上至五年以下××，并处罚金。<SPLIT>","宝鸡市金台区人民检察院指控，被告人方某于2014年6月12日11时许，在本市金台区宝烟广场南侧金渭湖边，采取恶意、强拉硬拽等手段抢走被害人王3某王某琴价值1225元白色三星手机一部、人民币325元。<SPLIT>公诉机关认为被告人方某的行为已构成××，提请本院依法判处，并出具量刑建议书，认为被告人认罪态度较好，建议本院对被告人判处三年以上至五年以下××，并处罚金。<SPLIT>",0.0005717873573303223,0.998754620552063,5,8,5,132,"Successful"
"普宁市人民检察院指控：<SPLIT>一、2015年10月1日23时许，被告人陈某在普宁市流沙东街道新坛村香城酒店门口将1克冰毒（甲基苯丙胺）以人民币（下同）100元的价格贩卖给吸毒人员罗某。<SPLIT>二、2015年10月4日23时许，被告人陈某在普宁市流沙东街道新坛村香城酒店711号房内将1克冰毒以100元的价格贩卖给吸毒人员罗某。<SPLIT>三、2015年10月5日23时许，被告人陈某在普宁市流沙东街道新坛村香城酒店附近将0.5克冰毒以50元的价格贩卖给吸毒人员陈某甲（另案处理）。<SPLIT>四、2015年10月7日23时许，被告人陈某","普宁市人民检察院犯罪行为：<SPLIT>一、2015年10月握1日23时许，故意杀人陈某在韶关市流沙东街甘溪村村香城酒店门口将1克蓝色药水（冰毒）以人民币（下同）100元的价格贩卖给酒精中毒人员罗某。<SPLIT>二、2015年10月4日23时许，被告人陈某在普宁市流沙东街道新坛村香城宾馆711号房内把1克余克以100元的价格盗卖给吸毒人员罗某。<SPLIT>三、2015年10月5日23时许，被告人陈某在普宁市流沙东街道新坛村香城酒店附近将0.5克冰毒以50元的价格贩卖给猥亵人员陈某甲（另案处理）。<SPLIT>四、2015年10耀时7日23时许，被告人陈某",0.0006338953971862793,0.5292824506759644,4,5,4,478,"Successful"
"河北省唐县人民检察院指控，2016年3月31日17时许，在唐县骆某宝的工作棚北边胡同内，被告人骆某宝因琐事与同村李某4发生打斗，二人被同村牛某1等人拉开，李某4离开现场。后李某4又到现场找骆某宝，未找到返回家。到家后李某4倒在地上，脸上发白、口吐白沫，后死亡。经鉴定，李某4符合冠状动脉粥样硬化性心脏病死亡，情绪激动、轻微外伤、饮酒为诱发因素。就指控的事实，公诉机关向法庭出示了书证、鉴定意见、证人证言、被告人供述、勘验、检查笔录等证据，据此认定骆某宝的行为触犯了《中华人民共和国刑法》××之规定，应当以××追究","河北省唐县人民检察院指控，2016年3月31日17时许，在唐县骆某宝的工作棚北边胡同内，被告人骆某宝因琐事与同村李某4发生打斗，二人被同村牛某1等人拉开，李某4离开现场。后李某4又到现场找骆某宝，未找到返回家。到家后李某4倒在地上，脸上发白、口吐白沫，后杀戮。经鉴定，李某4符合冠状动脉粥样硬化性心脏病死亡，情绪激动、轻微外伤、饮酒为诱发因素。就指控的事实，公诉机关向法庭出示了书证、鉴定意见、证人证言、被告人供述、勘验、检查笔录等证据，据此认定骆某宝的行为触犯了《中华人民共和国刑法》××之规定，应当以××追究",0.0009180307388305664,0.9306139349937439,10,9,10,170,"Successful"
